V 53
K 149697956300 a0212_2007
F Case
Y 0
D 0 0 2200 1700
Z 2
i 501
N 37
Q 7 1 0
J 1610 830 2
J 1610 850 3
J 1680 830 2
J 1680 810 2
J 1680 790 2
J 1680 770 2
J 1680 750 2
J 1660 750 3
J 1660 770 5
J 1660 790 5
J 1660 810 5
J 1660 830 5
J 1680 850 2
J 1660 850 5
S 14 13
S 12 14
S 11 12
S 10 11
S 9 10
S 8 9
S 8 7
S 9 6
S 10 5
S 11 4
S 12 3
S 2 14
S 1 2
N 427
J 1650 650 2
J 1680 650 2
S 1 2
L 1610 650 10 0 8 0 1 1 SPI0_SSEL1
N 429
J 1650 630 2
J 1680 630 2
S 1 2
L 1610 630 10 4 2 0 1 0 CUD/SD_CD
N 430
J 1650 610 2
J 1680 610 2
S 1 2
L 1610 610 10 0 8 0 1 0 SPI0_MOSI
N 432
J 1650 590 2
J 1680 590 2
S 1 2
L 1610 590 10 0 8 0 1 0 SPI0_MISO
N 141
Q 11 1 0
J 1680 570 2
J 1650 570 2
S 2 1
L 1610 570 10 0 8 0 1 0 SCL
N 312
J 1650 550 2
J 1680 550 2
S 1 2
L 1610 550 10 0 8 0 1 0 CZM/ADC_A2/LED3
N 159
J 1680 510 2
J 1650 510 2
S 2 1
L 1610 510 10 0 8 0 1 1 RESET
N 446
J 1650 490 2
J 1680 490 2
S 1 2
L 1610 490 10 0 8 0 1 0 PB1/DR1PRI/MMC_D4
N 445
J 1650 470 2
J 1680 470 2
S 1 2
L 1610 470 10 0 8 0 1 0 CDG/ADC_A1/LED2
N 448
J 1860 470 2
J 1830 470 2
S 2 1
L 1900 470 10 4 8 0 1 0 ADC_A0/LED1/MMC_D7/OTP_EN
N 447
J 1860 490 2
J 1830 490 2
S 2 1
L 1900 490 10 4 8 0 1 0 PB2/RFS1/MMC_D5
N 313
J 1860 550 2
J 1830 550 2
S 2 1
L 1900 550 10 0 2 0 1 0 DR1SEC
N 144
J 1830 570 2
J 1860 570 2
S 1 2
L 1900 570 10 4 8 0 1 0 SDA
N 426
J 1860 590 2
J 1830 590 2
S 2 1
L 1900 590 10 0 2 0 1 0 DR1SEC
N 435
J 1830 610 2
J 1860 610 2
S 1 2
L 1900 610 10 0 2 0 1 1 AMS2
N 434
Q 11 1 0
J 1860 630 2
J 1830 630 2
S 2 1
L 1900 630 10 4 8 0 1 0 SPI0_SCK
N 433
J 1830 650 2
J 1860 650 2
S 1 2
L 1900 650 10 0 2 0 1 1 AMS3/SPI0_SEL2
N 33
Q 12 1 0
J 1830 810 2
J 1900 810 5
J 1830 790 2
J 1900 790 5
J 1900 910 2
J 1830 750 2
J 1900 750 3
J 1900 770 5
J 1830 770 2
S 9 8
S 7 8
S 6 7
S 2 5
S 8 4
S 3 4
S 4 2
S 1 2
N 299
J 1890 730 1
J 1830 730 2
S 2 1
L 1900 730 10 0 2 0 1 0 PB1/DR1PRI/MMC_D4
N 302
J 1830 710 2
J 1890 710 1
S 1 2
L 1900 710 10 0 2 0 1 0 DR1SEC
N 301
J 1890 670 1
J 1830 670 2
S 2 1
L 1900 670 10 0 2 0 1 0 PB2/RFS1/MMC_D5
N 300
J 1830 690 2
J 1890 690 1
S 1 2
L 1900 690 10 0 2 0 1 0 RSCLK1/MMC_D6
N 311
J 1620 670 1
J 1680 670 2
S 1 2
L 1610 670 10 0 8 0 1 0 CUD/SD_CD
N 34
Q 12 1 0
J 1850 930 1
J 1830 850 2
J 1850 850 5
J 1850 830 3
J 1830 830 2
S 3 1
L 1830 940 10 0 3 0 1 0 PS_5V
S 5 4
S 4 3
S 2 3
N 310
J 1680 730 2
J 1620 730 1
S 2 1
L 1610 730 10 0 8 0 1 0 ADC_A0/LED1/MMC_D7/OTP_EN
N 309
J 1620 690 1
J 1680 690 2
S 1 2
L 1610 690 10 0 8 0 1 0 CDG/ADC_A1/LED2
N 308
J 1680 710 2
J 1620 710 1
S 2 1
L 1610 710 10 0 8 0 1 0 CZM/ADC_A2/LED3
N 495
J 1680 450 2
J 1650 450 1
S 2 1
L 1610 450 10 0 8 0 1 0 WAKE
I 496 ADI_Released:PORT_OUT 2 620 960 0 1 '
C 497 1 1 0
N 497
J 620 960 2
J 520 960 2
S 2 1
L 660 959 10 0 2 0 1 1 NMI
N 491
J 960 910 2
J 930 910 1
S 2 1
L 900 910 10 4 8 0 1 0 SDA
N 492
Q 11 1 0
J 930 890 1
J 960 890 2
S 1 2
L 920 890 10 0 8 0 1 0 SCL
N 477
J 220 900 2
J 320 900 2
S 1 2
L 180 900 10 0 8 0 1 0 PB1/DR1PRI/MMC_D4
N 481
J 620 880 2
J 520 880 2
S 2 1
L 660 880 10 4 8 0 1 0 ADC_A0/LED1/MMC_D7/OTP_EN
I 475 ADI_Released:PORT_OUT 2 210 1020 4 1 '
C 499 1 1 0
I 473 ADI_Released:PORT_OUT 2 620 1020 0 1 '
C 474 1 1 0
N 474
J 620 1020 2
J 520 1020 2
S 2 1
L 660 1019 10 0 2 0 1 1 AMS2
I 472 ADI_Released:PORT_BI 1 1280 1150 4 1 '
C 469 2 9 0
I 471 ADI_Released:PORT_BI 1 1280 1170 4 1 '
C 467 1 9 0
I 470 ADI_Released:PORT_BI 1 910 1170 0 1 '
C 468 1 9 0
N 467
J 1250 1170 2
J 1210 1170 2
S 2 1
L 1290 1170 10 0 2 0 1 0 RSCLK0/SD_D1
N 468
J 940 1170 2
J 960 1170 2
S 1 2
L 900 1170 10 0 8 0 1 0 TSCLK0/SD_CLK
N 469
J 1210 1150 2
J 1250 1150 2
S 1 2
L 1290 1150 10 0 2 0 1 0 UART0_TX
I 466 ADI_Released:PORT_BI 1 910 1390 0 1 '
C 461 1 9 0
I 465 ADI_Released:PORT_BI 1 910 1370 0 1 '
C 401 1 9 0
I 464 ADI_Released:PORT_BI 1 1260 1390 4 1 '
C 462 1 9 0
N 401
J 940 1370 2
J 960 1370 2
S 1 2
L 900 1370 10 0 8 0 1 1 AMS3/SPI0_SEL2
N 459
J 1820 1370 2
J 1850 1370 2
S 1 2
L 1890 1370 10 0 2 0 1 0 UART0_RX
N 458
J 1670 1370 2
J 1640 1370 2
S 2 1
L 1600 1370 10 0 8 0 1 0 UART0_TX
I 443 ADI_Released:PORT_BI 1 1620 470 0 1 '
C 445 1 9 0
I 444 ADI_Released:PORT_BI 2 1860 470 0 1 '
C 448 1 9 0
I 449 ADI_Released:PORT_BI 2 1860 490 0 1 '
C 447 1 9 0
I 450 ADI_Released:PORT_BI 1 1620 490 0 1 '
C 446 1 9 0
I 428 ADI_Released:PORT_IN 1 1620 630 0 1 '
C 429 1 1 0
I 431 ADI_Released:PORT_IN 1 1620 610 0 1 '
C 430 1 1 0
I 436 ADI_Released:PORT_IN 1 1890 610 4 1 '
C 435 2 1 0
I 437 ADI_Released:PORT_IN 1 1890 630 4 1 '
C 434 1 1 0
I 440 ADI_Released:PORT_IN 1 1620 650 0 1 '
C 427 1 1 0
I 441 ADI_Released:PORT_IN 1 1890 650 4 1 '
C 433 2 1 0
N 377
J 940 1210 2
J 930 1210 3
J 960 1210 2
S 2 1
S 2 3
L 900 1210 10 0 8 0 1 0 RMII_PHYINT
N 378
J 1230 1210 2
J 1210 1210 2
S 2 1
L 1270 1210 10 4 8 0 1 0 ETXEN
N 379
J 1230 1250 2
J 1210 1250 2
S 2 1
L 1270 1250 10 4 8 0 1 0 ETXD0
N 380
J 1230 1230 2
J 1210 1230 2
S 2 1
L 1270 1230 10 4 8 0 1 0 ETXD1
N 381
J 940 1270 2
J 930 1270 3
J 960 1270 2
S 2 1
S 2 3
L 900 1270 10 0 8 0 1 0 MDIO
N 382
J 1230 1270 2
J 1210 1270 2
S 2 1
L 1270 1270 10 4 8 0 1 0 MDC
N 383
J 940 1230 2
J 930 1230 3
J 960 1230 2
S 2 1
S 2 3
L 900 1230 10 0 8 0 1 0 ERXD1
N 384
J 940 1250 2
J 930 1250 3
J 960 1250 2
S 2 1
S 2 3
L 900 1250 10 0 8 0 1 0 ERXD0
N 385
J 960 1330 2
J 930 1330 3
J 940 1330 2
S 2 1
L 900 1330 10 0 8 0 1 0 ERXD3
S 2 3
N 386
J 960 1310 2
J 930 1310 3
J 940 1310 2
S 2 1
L 900 1310 10 0 8 0 1 0 ERXDV
S 2 3
N 388
J 960 1350 2
J 930 1350 3
J 940 1350 2
S 2 1
L 900 1350 10 0 8 0 1 0 ERXD2
S 2 3
N 389
J 1210 1310 2
J 1230 1310 2
S 1 2
L 1270 1310 10 4 8 0 1 0 ERXCLK
N 391
J 1210 1290 2
J 1230 1290 2
S 1 2
L 1270 1290 10 4 8 0 1 0 COL
N 392
J 960 1290 2
J 930 1290 3
J 940 1290 2
S 2 1
L 900 1290 10 0 8 0 1 1 SPI0_SSEL1
S 2 3
I 369 ADI_Released:PORT_BI 1 1260 1270 4 1 '
C 382 1 9 0
I 370 ADI_Released:PORT_BI 1 910 1270 0 1 '
C 381 1 9 0
I 371 ADI_Released:PORT_BI 1 1260 1250 4 1 '
C 379 1 9 0
I 372 ADI_Released:PORT_BI 1 910 1250 0 1 '
C 384 1 9 0
I 373 ADI_Released:PORT_BI 1 1260 1230 4 1 '
C 380 1 9 0
I 374 ADI_Released:PORT_BI 1 910 1230 0 1 '
C 383 1 9 0
I 393 ADI_Released:PORT_BI 1 910 1290 0 1 '
C 392 3 9 0
I 394 ADI_Released:PORT_BI 1 1260 1290 4 1 '
C 391 2 9 0
I 395 ADI_Released:PORT_BI 1 910 1310 0 1 '
C 386 3 9 0
I 396 ADI_Released:PORT_BI 1 1260 1310 4 1 '
C 389 2 9 0
I 397 ADI_Released:PORT_BI 1 910 1330 0 1 '
C 385 3 9 0
N 193
J 520 1060 2
J 620 1060 2
S 1 2
L 660 1059 10 0 2 0 1 1 ARE
N 194
J 320 1080 2
J 210 1080 2
S 2 1
L 170 1079 10 4 2 0 1 1 AWE
N 196
Q 11 1 0
J 320 920 2
J 220 920 2
S 2 1
L 180 919 10 4 2 0 1 0 CLKOUT
N 204
Q 10 1 0
J 520 1220 2
J 570 1220 9
J 520 1240 2
J 570 1240 11
J 520 1260 2
J 570 1260 11
J 520 1280 2
J 570 1280 11
J 520 1300 2
J 570 1300 11
J 520 1320 2
J 570 1320 11
J 520 1340 2
J 570 1340 11
J 520 1360 2
J 570 1360 11
J 520 1380 2
J 570 1380 11
J 570 1430 9
J 320 1300 2
J 320 1240 2
J 320 1220 2
J 270 1220 9
J 270 1240 11
J 320 1260 2
J 270 1260 11
J 320 1280 2
J 270 1280 11
J 270 1300 11
J 320 1320 2
J 270 1320 11
J 320 1340 2
J 270 1340 11
J 320 1360 2
J 270 1360 11
J 320 1380 2
J 270 1380 11
J 320 1400 2
J 270 1400 11
J 270 1430 11
J 200 1430 8
S 1 2
L 560 1220 10 0 9 0 1 0 A18
B 2 4
S 3 4
L 560 1240 10 0 9 0 1 0 A16
B 4 6
S 5 6
L 560 1260 10 0 9 0 1 0 A14
B 6 8
S 7 8
L 560 1280 10 0 9 0 1 0 A12
B 8 10
S 9 10
L 560 1300 10 0 9 0 1 0 A10
B 10 12
S 11 12
L 560 1320 10 0 9 0 1 0 A8
B 12 14
S 13 14
L 560 1340 10 0 9 0 1 0 A6
B 14 16
S 15 16
L 560 1360 10 0 9 0 1 0 A4
B 16 18
S 17 18
L 560 1380 10 0 9 0 1 0 A2
B 18 19
B 40 19
S 29 20
L 310 1300 10 0 9 0 1 0 A11
S 24 21
L 310 1240 10 0 9 0 1 0 A17
S 23 22
L 310 1220 10 0 9 0 1 0 A19
B 23 24
B 24 26
S 26 25
L 310 1260 10 0 9 0 1 0 A15
B 26 28
S 28 27
L 310 1280 10 0 9 0 1 0 A13
B 28 29
B 29 31
S 31 30
L 310 1320 10 0 9 0 1 0 A9
B 31 33
S 33 32
L 310 1340 10 0 9 0 1 0 A7
B 33 35
S 35 34
L 310 1360 10 0 9 0 1 0 A5
B 35 37
S 37 36
L 310 1380 10 0 9 0 1 0 A3
B 37 39
S 39 38
L 310 1400 10 0 9 0 1 0 A1
B 39 40
B 41 40
L 160 1430 10 0 8 0 1 0 A[1:19]
N 214
Q 10 1 0
J 520 720 2
J 590 720 9
J 520 740 2
J 590 740 11
J 520 760 2
J 590 760 11
J 520 780 2
J 590 780 11
J 520 800 2
J 590 800 11
J 520 820 2
J 590 820 11
J 520 840 2
J 590 840 11
J 520 860 2
J 590 860 11
J 320 860 2
J 320 720 2
J 250 720 9
J 320 740 2
J 250 740 11
J 320 760 2
J 250 760 11
J 320 780 2
J 250 780 11
J 320 800 2
J 250 800 11
J 320 820 2
J 250 820 11
J 320 840 2
J 250 840 11
J 250 860 11
J 200 1450 8
J 250 1450 11
J 590 1450 9
S 1 2
L 540 720 10 0 3 0 1 0 D14
B 2 4
S 3 4
L 540 740 10 0 3 0 1 0 D12
B 4 6
S 5 6
L 540 760 10 0 3 0 1 0 D10
B 6 8
S 7 8
L 540 780 10 0 3 0 1 0 D8
B 8 10
S 9 10
L 540 800 10 0 3 0 1 0 D6
B 10 12
S 11 12
L 540 820 10 0 3 0 1 0 D4
B 12 14
S 13 14
L 540 840 10 0 3 0 1 0 D2
B 14 16
S 15 16
L 540 860 10 0 3 0 1 0 D0
B 16 35
S 32 17
L 280 860 10 0 3 0 1 0 D1
S 19 18
L 280 720 10 0 3 0 1 0 D15
B 19 21
S 21 20
L 280 740 10 0 3 0 1 0 D13
B 21 23
S 23 22
L 280 760 10 0 3 0 1 0 D11
B 23 25
S 25 24
L 280 780 10 0 3 0 1 0 D9
B 25 27
S 27 26
L 280 800 10 0 3 0 1 0 D7
B 27 29
S 29 28
L 280 820 10 0 3 0 1 0 D5
B 29 31
S 31 30
L 280 840 10 0 3 0 1 0 D3
B 31 32
B 32 34
B 33 34
L 160 1450 10 4 2 0 1 0 D[0:15]
B 34 35
N 217
Q 7 1 0
J 520 400 2
J 520 420 2
J 520 440 2
J 520 460 2
J 560 460 3
J 560 440 5
J 560 420 5
J 560 400 5
J 560 280 2
S 1 8
S 2 7
S 3 6
S 4 5
S 6 5
S 7 6
S 8 7
S 9 8
I 177 ADI_Released:PWR_3V 1 190 530 4 1 '
|R 19:13_8-8-02
C 176 5 2 0
I 178 ADI_Released:PORT_BI 2 200 1450 4 1 '
C 214 33 9 0
I 187 ADI_Released:PORT_IN 1 650 920 4 1 '
C 186 2 1 0
I 197 ADI_Released:PORT_OUT 2 210 1000 4 1 '
C 498 2 1 0
I 200 ADI_Released:PORT_OUT 2 620 1060 0 1 '
C 193 2 1 0
I 202 ADI_Released:PORT_OUT 2 210 1080 4 1 '
C 194 2 1 0
I 213 ADI_Released:PORT_OUT 1 170 1430 0 1 '
C 204 41 6 0
I 218 ADI_Released:PWR_DGND 1 540 240 0 1 '
|R 22:03_1-30-09
C 217 9 1 0
N 31
Q 7 1 0
J 960 1410 2
J 940 1410 3
J 960 1430 2
J 940 1430 5
J 960 1450 2
J 940 1450 5
J 960 1470 2
J 940 1470 5
J 960 1490 2
J 940 1490 5
J 890 1470 2
J 890 1510 3
J 940 1510 5
J 960 1510 2
S 2 1
S 2 4
S 4 3
S 4 6
S 6 5
S 6 8
S 8 7
S 8 10
S 10 9
S 10 13
S 11 12
S 12 13
S 13 14
N 162
Q 7 1 0
J 1600 1490 2
J 1600 1510 3
J 1670 1510 2
J 1670 1410 2
J 1650 1410 3
J 1670 1430 2
J 1650 1430 5
J 1670 1450 2
J 1650 1450 5
J 1670 1470 2
J 1650 1470 5
J 1670 1490 2
J 1650 1490 5
J 1650 1510 5
S 1 2
S 2 14
S 14 3
S 5 4
S 5 7
S 7 6
S 7 9
S 9 8
S 9 11
S 11 10
S 11 13
S 13 12
S 13 14
I 29 ADI_Released:PWR_3V 1 1260 1560 0 1 '
|R 19:13_8-8-02
C 26 5 2 0
I 30 ADI_Released:PWR_DGND 1 910 1430 4 1 '
|R 22:03_1-30-09
C 31 11 1 0
I 32 ADI_Released:PWR_3V 1 1880 910 0 1 '
|R 19:13_8-8-02
C 33 5 2 0
I 69 ADI_Released:PWR_3V 1 1880 1560 0 1 '
|R 19:13_8-8-02
C 40 6 2 0
I 72 ADI_Released:PORT_IN 1 1610 1210 0 1 '
C 64 2 1 0
I 73 ADI_Released:PORT_IN 1 1610 1230 0 1 '
C 63 2 1 0
I 74 ADI_Released:PORT_IN 1 1610 1170 0 1 '
C 65 2 1 0
I 79 ADI_Released:PORT_IN 1 1610 1330 0 1 '
C 454 1 1 0
I 80 ADI_Released:PORT_IN 1 1610 1350 0 1 '
C 452 1 1 0
I 83 ADI_Released:PORT_OUT 1 1880 1210 4 1 '
C 45 2 6 0
I 84 ADI_Released:PORT_BI 2 1850 1230 0 1 '
C 46 2 9 0
I 89 ADI_Released:PORT_OUT 1 1880 1330 4 1 '
C 455 1 6 0
I 90 ADI_Released:PORT_OUT 1 1880 1350 4 1 '
C 456 1 6 0
I 91 ADI_Released:PORT_OUT 1 1880 1370 4 1 '
C 459 2 6 0
I 97 ADI_Released:PORT_IN 1 1620 510 0 1 '
C 159 2 1 0
I 108 ADI_Released:PORT_BI 2 1860 570 0 1 '
C 144 2 9 0
I 1 CSHEET 1 0 0 0 1 '
|R 20:56_2-24-09
A 1690 40 15 0 3 3 @DATETIME=5-14-2009_9:45
A 2120 40 15 0 3 3 @SHEETTOTAL=16
A 2050 40 15 0 3 3 @SHEET=12
A 1871 125 24 0 5 3 PDF_TITLE=EXPANSION INTERFACE
I 92 ADI_Released:PORT_IN 1 1610 1390 0 1 '
C 453 1 1 0
N 215
Q 12 1 0
J 230 560 1
J 320 460 2
J 230 460 5
J 230 440 3
J 320 440 2
S 3 2
S 4 3
S 4 5
S 3 1
L 230 570 10 0 6 0 1 0 PS_5V
N 126
J 940 1150 2
J 960 1150 2
S 1 2
L 900 1150 10 0 8 0 1 1 RESET
N 65
J 1670 1170 2
J 1640 1170 2
S 2 1
L 1600 1170 10 0 8 0 1 1 RESET
N 45
J 1820 1210 2
J 1850 1210 2
S 1 2
L 1890 1210 10 4 8 0 1 0 UART0_RX
N 64
J 1670 1210 2
J 1640 1210 2
S 2 1
L 1600 1210 10 0 8 0 1 0 UART0_TX
I 42 ADI_Released:PWR_DGND 1 1620 1450 4 1 '
|R 22:03_1-30-09
C 162 1 1 0
I 38 ADI_Released:PWR_DGND 1 1630 790 4 1 '
|R 22:03_1-30-09
C 37 1 1 0
N 176
Q 12 1 0
J 320 420 2
J 170 420 5
J 320 400 2
J 170 400 5
J 170 530 2
J 320 380 2
J 170 380 5
J 520 380 2
J 540 380 3
J 540 340 3
J 170 340 3
S 2 1
S 4 2
S 4 3
S 7 4
S 2 5
S 7 6
S 11 7
S 8 9
S 10 9
S 11 10
N 26
Q 12 1 0
J 1210 1450 2
J 1280 1450 5
J 1210 1470 2
J 1280 1470 5
J 1280 1560 2
J 1210 1430 2
J 1280 1430 5
J 1280 1410 3
J 1210 1410 2
S 1 2
S 7 2
S 3 4
S 2 4
S 4 5
S 6 7
S 8 7
S 9 8
N 40
Q 12 1 0
J 1820 1450 2
J 1900 1450 5
J 1820 1470 2
J 1900 1470 5
J 1820 1410 2
J 1900 1560 2
J 1820 1430 2
J 1900 1430 5
J 1900 1410 3
S 1 2
S 8 2
S 3 4
S 2 4
S 5 9
S 4 6
S 7 8
S 9 8
N 186
J 520 920 2
J 620 920 2
S 1 2
L 660 920 10 4 8 0 1 1 RESET
N 59
J 1670 1310 2
J 1640 1310 2
S 2 1
L 1600 1310 10 0 8 0 1 0 CZM/ADC_A2/LED3
I 77 ADI_Released:PORT_IN 1 1610 1290 0 1 '
C 60 2 1 0
N 60
J 1670 1290 2
J 1640 1290 2
S 2 1
L 1600 1290 10 4 2 0 1 1 AMS2
N 61
J 1670 1270 2
J 1640 1270 2
S 2 1
L 1600 1270 10 0 8 0 1 0 ADC_A0/LED1/MMC_D7/OTP_EN
I 76 ADI_Released:PORT_IN 1 1610 1270 0 1 '
C 61 2 1 0
N 62
J 1670 1250 2
J 1640 1250 2
S 2 1
L 1600 1250 10 0 8 0 1 0 PB2/RFS1/MMC_D5
N 320
J 1850 1310 2
J 1820 1310 2
S 2 1
L 1890 1310 10 0 2 0 1 0 MIICRS/HWAIT
I 422 ADI_Released:PORT_IN 1 1880 1270 4 1 '
C 404 1 1 0
I 87 ADI_Released:PORT_IN 1 1880 1290 4 1 '
C 49 2 1 0
I 75 ADI_Released:PORT_OUT 1 1610 1250 0 1 '
C 62 2 6 0
I 423 ADI_Released:PORT_IN 1 1880 1250 4 1 '
C 424 2 1 0
I 78 ADI_Released:PORT_IN 1 1610 1310 0 1 '
C 59 2 1 0
I 425 ADI_Released:PORT_IN 1 1880 1310 4 1 '
C 320 1 1 0
I 439 ADI_Released:PORT_IN 1 1890 590 4 1 '
C 426 1 1 0
I 442 ADI_Released:PORT_IN 1 1890 550 4 1 '
C 313 1 1 0
I 438 ADI_Released:PORT_OUT 1 1620 590 0 1 '
C 432 1 6 0
I 451 ADI_Released:PORT_OUT 1 1620 550 0 1 '
C 312 1 6 0
N 424
J 1820 1250 2
J 1850 1250 2
S 1 2
L 1890 1250 10 0 2 0 1 0 DR1SEC
N 404
J 1850 1270 2
J 1820 1270 2
S 2 1
L 1890 1270 10 0 2 0 1 0 PB1/DR1PRI/MMC_D4
N 49
Q 11 1 0
J 1820 1290 2
J 1850 1290 2
S 1 2
L 1890 1290 10 4 8 0 1 0 RSCLK1/MMC_D6
I 81 ADI_Released:PORT_IN 1 1610 1370 0 1 '
C 458 2 1 0
I 165 ADI_Released:PORT_OUT 1 1880 1390 4 1 '
C 457 1 6 0
N 452
J 1640 1350 2
J 1670 1350 2
S 1 2
L 1600 1350 10 0 8 0 1 0 TSCLK0/SD_CLK
N 456
J 1850 1350 2
J 1820 1350 2
S 2 1
L 1890 1350 10 0 2 0 1 0 RSCLK0/SD_D1
N 457
J 1850 1390 2
J 1820 1390 2
S 2 1
L 1890 1390 10 0 2 0 1 0 DR0PRI/SD_D0
N 387
J 1210 1350 2
J 1230 1350 2
S 1 2
L 1270 1350 10 4 8 0 1 0 ETXD2
N 390
J 1210 1330 2
J 1230 1330 2
S 1 2
L 1270 1330 10 4 8 0 1 0 ETXD3
I 398 ADI_Released:PORT_BI 1 1260 1330 4 1 '
C 390 2 9 0
N 455
J 1850 1330 2
J 1820 1330 2
S 2 1
L 1890 1330 10 0 2 0 1 0 RFS0/SD_D2
N 454
J 1640 1330 2
J 1670 1330 2
S 1 2
L 1600 1330 10 0 8 0 1 0 TFS0/SD_D3
N 453
J 1640 1390 2
J 1670 1390 2
S 1 2
L 1600 1390 10 0 8 0 1 0 DT0PRI/SD_CMD
N 461
J 940 1390 2
J 960 1390 2
S 1 2
L 900 1390 10 0 8 0 1 0 TFS0/SD_D3
N 462
J 1230 1390 2
J 1210 1390 2
S 2 1
L 1270 1390 10 0 2 0 1 0 DT0PRI/SD_CMD
N 460
J 1230 1370 2
J 1210 1370 2
S 2 1
L 1270 1370 10 0 2 0 1 0 RFS0/SD_D2
I 400 ADI_Released:PORT_BI 1 1260 1350 4 1 '
C 387 2 9 0
I 463 ADI_Released:PORT_BI 1 1260 1370 4 1 '
C 460 1 9 0
I 399 ADI_Released:PORT_BI 1 910 1350 0 1 '
C 388 3 9 0
I 376 ADI_Released:PORT_BI 1 910 1210 0 1 '
C 377 1 9 0
I 125 ADI_Released:PORT_IN 1 910 1150 0 1 '
C 126 1 1 0
I 375 ADI_Released:PORT_BI 1 1260 1210 4 1 '
C 378 1 9 0
N 206
J 520 1040 2
J 620 1040 2
S 1 2
L 660 1039 10 0 2 0 1 1 AMS0
I 207 ADI_Released:PORT_OUT 2 620 1040 0 1 '
C 206 2 1 0
N 189
J 320 1040 2
J 210 1040 2
S 2 1
L 170 1039 10 4 2 0 1 1 AMS1
I 199 ADI_Released:PORT_OUT 2 210 1040 4 1 '
C 189 2 1 0
N 66
J 1670 1150 2
J 1640 1150 2
S 2 1
L 1600 1150 10 0 8 0 1 0 PB1/DR1PRI/MMC_D4
I 71 ADI_Released:PORT_BI 1 1610 1150 0 1 '
C 66 2 9 0
I 70 ADI_Released:PORT_BI 1 1610 1130 0 1 '
C 67 2 9 0
N 43
J 1820 1130 2
J 1850 1130 2
S 1 2
L 1890 1130 10 4 8 0 1 0 ADC_A0/LED1/MMC_D7/OTP_EN
I 166 ADI_Released:PORT_BI 2 1850 1130 0 1 '
C 43 2 9 0
I 82 ADI_Released:PORT_BI 2 1850 1150 0 1 '
C 44 2 9 0
N 44
J 1820 1150 2
J 1850 1150 2
S 1 2
L 1890 1150 10 4 8 0 1 0 PB2/RFS1/MMC_D5
I 479 ADI_Released:PORT_BI 1 190 880 0 1 '
C 480 1 9 0
I 482 ADI_Released:PORT_BI 2 620 880 0 1 '
C 481 1 9 0
N 484
J 620 900 2
J 520 900 2
S 2 1
L 660 900 10 4 8 0 1 0 PB2/RFS1/MMC_D5
I 483 ADI_Released:PORT_BI 2 620 900 0 1 '
C 484 1 9 0
I 203 ADI_Released:CON_NGEI_HS_KIT 1 320 360 0 1 '
|R 21:19_1-29-09
A 320 350 10 0 3 0 COST=5.12
A 340 1410 10 0 3 3 REFDES=J1
A 320 350 10 0 3 0 ROHS=ROHS
A 340 360 10 0 3 3 PKG_TYPE=QMS52X2_SMT
A 320 340 10 0 3 0 CONFIGURATION=52X2
A 320 330 10 0 3 0 TYPE=QMS
A 320 320 10 0 3 0 DESCRIPTION=HEADER W/GND SHIELD
A 320 310 10 0 3 0 PRT_NUM=6000854
C 214 7 169 0
A 500 780 10 4 9 3 #=63
C 214 11 146 0
A 500 820 10 4 9 3 #=59
C 214 13 125 0
A 500 840 10 4 9 3 #=57
C 481 2 143 0
A 500 880 10 4 9 3 #=53
C 214 15 144 0
A 500 860 10 4 9 3 #=55
C 186 1 141 0
A 500 920 10 4 9 3 #=49
C 214 26 165 0
A 340 800 10 4 3 3 #=62
C 204 32 158 0
A 340 1340 10 4 3 3 #=8
C 204 20 148 0
A 340 1300 10 4 3 3 #=12
C 204 30 147 0
A 340 1320 10 4 3 3 #=10
C 204 11 154 0
A 500 1320 10 4 9 3 #=9
C 204 38 155 0
A 340 1400 10 4 3 3 #=2
C 206 1 44 0
A 500 1040 10 4 9 3 #=37
C 484 2 142 0
A 500 900 10 4 9 3 #=51
X 140 0
A 500 940 10 4 9 3 #=47
C 497 2 139 0
A 500 960 10 4 9 3 #=45
X 138 0
A 500 980 10 4 9 3 #=43
C 191 1 137 0
A 500 1000 10 4 9 3 #=41
C 474 2 136 0
A 500 1020 10 4 9 3 #=39
C 214 17 135 0
A 340 860 10 4 3 3 #=56
C 196 1 132 0
A 340 920 10 4 3 3 #=50
X 130 0
A 340 940 10 4 3 3 #=48
X 129 0
A 340 960 10 4 3 3 #=46
X 128 0
A 340 980 10 4 3 3 #=44
C 499 2 131 0
A 340 1020 10 4 3 3 #=40
C 189 1 34 0
A 340 1040 10 4 3 3 #=38
C 477 2 133 0
A 340 900 10 4 3 3 #=52
C 214 28 145 0
A 340 820 10 4 3 3 #=60
C 214 30 126 0
A 340 840 10 4 3 3 #=58
C 480 2 134 0
A 340 880 10 4 3 3 #=54
C 498 1 127 0
A 340 1000 10 4 3 3 #=42
C 204 5 88 0
A 500 1260 10 4 9 3 #=15
C 204 27 96 0
A 340 1280 10 4 3 3 #=14
C 204 7 89 0
A 500 1280 10 4 9 3 #=13
X 83 0
A 500 1160 10 4 9 3 #=25
X 94 0
A 340 1160 10 4 3 3 #=26
X 84 0
A 500 1180 10 4 9 3 #=23
X 95 0
A 340 1180 10 4 3 3 #=24
X 85 0
A 500 1200 10 4 9 3 #=21
X 97 0
A 340 1200 10 4 3 3 #=22
C 204 1 86 0
A 500 1220 10 4 9 3 #=19
C 204 22 98 0
A 340 1220 10 4 3 3 #=20
X 123 0
A 500 1080 10 4 9 3 #=33
C 194 1 124 0
A 340 1080 10 4 3 3 #=34
X 80 0
A 500 1100 10 4 9 3 #=31
X 91 0
A 340 1100 10 4 3 3 #=32
X 81 0
A 500 1120 10 4 9 3 #=29
X 92 0
A 340 1120 10 4 3 3 #=30
X 82 0
A 500 1140 10 4 9 3 #=27
X 93 0
A 340 1140 10 4 3 3 #=28
C 204 3 87 0
A 500 1240 10 4 9 3 #=17
C 204 25 100 0
A 340 1260 10 4 3 3 #=16
C 204 21 99 0
A 340 1240 10 4 3 3 #=18
C 204 34 157 0
A 340 1360 10 4 3 3 #=6
C 204 36 156 0
A 340 1380 10 4 3 3 #=4
C 204 13 153 0
A 500 1340 10 4 9 3 #=7
C 204 15 152 0
A 500 1360 10 4 9 3 #=5
C 204 17 151 0
A 500 1380 10 4 9 3 #=3
X 150 0
A 500 1400 10 4 9 3 #=1
X 160 0
A 340 1060 10 4 3 3 #=36
C 193 1 159 0
A 500 1060 10 4 9 3 #=35
C 204 9 166 0
A 500 1300 10 4 9 3 #=11
C 214 1 175 0
A 500 720 10 4 9 3 #=69
C 214 22 174 0
A 340 760 10 4 3 3 #=66
C 214 20 173 0
A 340 740 10 4 3 3 #=68
C 214 3 172 0
A 500 740 10 4 9 3 #=67
C 214 24 171 0
A 340 780 10 4 3 3 #=64
C 214 9 170 0
A 500 800 10 4 9 3 #=61
C 214 5 168 0
A 500 760 10 4 9 3 #=65
C 214 18 167 0
A 340 720 10 4 3 3 #=70
X 192 0
A 340 560 10 4 3 3 #=86
X 191 0
A 500 600 10 4 9 3 #=81
X 190 0
A 500 640 10 4 9 3 #=77
X 189 0
A 340 620 10 4 3 3 #=80
X 188 0
A 500 580 10 4 9 3 #=83
X 187 0
A 340 580 10 4 3 3 #=84
X 186 0
A 340 600 10 4 3 3 #=82
X 185 0
A 500 560 10 4 9 3 #=85
X 184 0
A 340 680 10 4 3 3 #=74
X 183 0
A 340 660 10 4 3 3 #=76
X 182 0
A 340 700 10 4 3 3 #=72
X 181 0
A 340 640 10 4 3 3 #=78
X 180 0
A 500 700 10 4 9 3 #=71
X 179 0
A 500 680 10 4 9 3 #=73
X 178 0
A 500 660 10 4 9 3 #=75
X 177 0
A 500 620 10 4 9 3 #=79
C 217 3 210 0
A 500 440 10 4 9 3 #=97
X 209 0
A 500 480 10 4 9 3 #=93
X 208 0
A 500 500 10 4 9 3 #=91
X 207 0
A 500 520 10 4 9 3 #=89
C 215 2 206 0
A 340 460 10 4 3 3 #=96
X 205 0
A 340 520 10 4 3 3 #=90
X 204 0
A 340 480 10 4 3 3 #=94
X 203 0
A 340 500 10 4 3 3 #=92
C 176 8 202 0
A 500 380 10 4 9 3 #=103
C 176 1 201 0
A 340 420 10 4 3 3 #=100
C 176 3 200 0
A 340 400 10 4 3 3 #=102
C 217 1 199 0
A 500 400 10 4 9 3 #=101
C 215 5 198 0
A 340 440 10 4 3 3 #=98
C 217 4 197 0
A 500 460 10 4 9 3 #=95
C 217 2 196 0
A 500 420 10 4 9 3 #=99
C 176 6 195 0
A 340 380 10 4 3 3 #=104
X 194 0
A 340 540 10 4 3 3 #=88
X 193 0
A 500 540 10 4 9 3 #=87
I 163 ADI_Released:CON_NGEI_LS_KIT 1 1670 1010 0 1 '
|R 21:20_1-29-09
A 1670 1000 10 0 3 0 COST=2.02
A 1690 1520 10 0 3 3 REFDES=P2
A 1670 1000 10 0 3 0 ROHS=ROHS
A 1690 1010 10 0 3 3 PKG_TYPE=IDC25X2_SMTA
A 1670 990 10 0 3 0 CONFIGURATION=25X2
A 1670 980 10 0 3 0 TYPE=IDC
A 1670 970 10 0 3 0 DESCRIPTION=HEADER W/ALIGNMENT
A 1670 960 10 0 3 0 PRT_NUM=6000857
X 46 0
A 1690 1050 10 0 9 3 #=47
X 47 0
A 1690 1070 10 0 9 3 #=45
X 45 0
A 1690 1090 10 0 9 3 #=43
C 494 2 124 0
A 1690 1110 10 0 9 3 #=41
C 67 1 42 0
A 1690 1130 10 0 9 3 #=39
C 66 1 43 0
A 1690 1150 10 0 9 3 #=37
C 65 1 44 0
A 1690 1170 10 0 9 3 #=35
X 79 0
A 1690 1190 10 0 9 3 #=33
C 64 1 80 0
A 1690 1210 10 0 9 3 #=31
C 63 1 81 0
A 1690 1230 10 0 9 3 #=29
C 62 1 82 0
A 1690 1250 10 0 9 3 #=27
C 61 1 83 0
A 1690 1270 10 0 9 3 #=25
C 458 1 88 0
A 1690 1370 10 0 9 3 #=15
C 452 2 87 0
A 1690 1350 10 0 9 3 #=17
C 453 2 89 0
A 1690 1390 10 0 9 3 #=13
C 49 1 95 0
A 1800 1290 10 0 3 3 #=24
C 320 2 97 0
A 1800 1310 10 0 3 3 #=22
X 51 0
A 1690 1030 10 0 9 3 #=49
X 57 0
A 1800 1030 10 0 3 3 #=50
C 40 1 61 0
A 1800 1450 10 0 3 3 #=8
C 40 3 60 0
A 1800 1470 10 0 3 3 #=6
C 41 4 59 0
A 1800 1490 10 0 3 3 #=4
C 41 1 58 0
A 1800 1510 10 0 3 3 #=2
C 45 1 91 0
A 1800 1210 10 0 3 3 #=32
X 90 0
A 1800 1190 10 0 3 3 #=34
C 424 1 93 0
A 1800 1250 10 0 3 3 #=28
C 454 2 86 0
A 1690 1330 10 0 9 3 #=19
C 404 2 94 0
A 1800 1270 10 0 3 3 #=26
C 60 1 84 0
A 1690 1290 10 0 9 3 #=23
C 59 1 85 0
A 1690 1310 10 0 9 3 #=21
C 46 1 92 0
A 1800 1230 10 0 3 3 #=30
X 29 0
A 1800 1050 10 0 3 3 #=48
X 30 0
A 1800 1070 10 0 3 3 #=46
X 32 0
A 1800 1090 10 0 3 3 #=44
X 123 0
A 1800 1110 10 0 3 3 #=42
C 456 2 99 0
A 1800 1350 10 0 3 3 #=18
C 455 2 98 0
A 1800 1330 10 0 3 3 #=20
X 34 0
A 1800 1170 10 0 3 3 #=36
C 43 1 33 0
A 1800 1130 10 0 3 3 #=40
C 44 1 35 0
A 1800 1150 10 0 3 3 #=38
C 162 4 63 0
A 1690 1410 10 0 9 3 #=11
C 162 6 56 0
A 1690 1430 10 0 9 3 #=9
C 162 8 55 0
A 1690 1450 10 0 9 3 #=7
C 162 10 54 0
A 1690 1470 10 0 9 3 #=5
C 162 12 53 0
A 1690 1490 10 0 9 3 #=3
C 162 3 52 0
A 1690 1510 10 0 9 3 #=1
C 459 1 100 0
A 1800 1370 10 0 3 3 #=16
C 457 2 96 0
A 1800 1390 10 0 3 3 #=14
C 40 5 65 0
A 1800 1410 10 0 3 3 #=12
C 40 7 62 0
A 1800 1430 10 0 3 3 #=10
N 46
J 1820 1230 2
J 1850 1230 2
S 1 2
L 1890 1230 10 4 8 0 1 0 SDA
N 63
Q 11 1 0
J 1670 1230 2
J 1640 1230 2
S 2 1
L 1600 1230 10 0 8 0 1 0 SCL
N 494
J 1640 1110 1
J 1670 1110 2
S 1 2
L 1600 1110 10 0 8 0 1 0 WAKE
N 191
J 520 1000 2
J 620 1000 2
S 1 2
L 660 999 10 0 2 0 1 0 ABE0#/SDQM0
I 210 ADI_Released:PORT_OUT 2 620 1000 0 1 '
C 191 2 1 0
I 96 ADI_Released:PORT_IN 1 1620 570 0 1 '
C 141 2 1 0
I 211 ADI_Released:PORT_OUT 2 220 920 4 1 '
C 196 2 1 0
I 478 ADI_Released:PORT_BI 1 190 900 0 1 '
C 477 1 9 0
N 499
J 210 1020 2
J 320 1020 2
S 1 2
L 170 1019 10 4 2 0 1 1 AMS3/SPI0_SEL2
N 498
J 320 1000 2
J 210 1000 2
S 2 1
L 170 999 10 4 2 0 1 0 ABE1#/SDQM1
N 480
J 220 880 2
J 320 880 2
S 1 2
L 180 880 10 0 8 0 1 0 CDG/ADC_A1/LED2
N 67
J 1670 1130 2
J 1640 1130 2
S 2 1
L 1600 1130 10 0 8 0 1 0 CDG/ADC_A1/LED2
N 27
Q 12 1 0
J 1230 1590 1
J 1210 1490 2
J 1230 1490 3
J 1230 1510 5
J 1210 1510 2
S 2 3
S 3 4
S 5 4
S 4 1
L 1230 1600 10 0 6 0 1 0 PS_5V
N 41
Q 12 1 0
J 1820 1510 2
J 1840 1590 1
J 1840 1510 5
J 1820 1490 2
J 1840 1490 3
S 1 3
S 5 3
S 4 5
S 3 2
L 1840 1600 10 0 6 0 1 0 PS_5V
I 164 ADI_Released:CON_NGEI_LS_KIT 1 1680 350 0 1 '
|R 21:20_1-29-09
A 1680 340 10 0 3 0 COST=2.02
A 1700 860 10 0 3 3 REFDES=P4
A 1680 340 10 0 3 0 ROHS=ROHS
A 1700 350 10 0 3 3 PKG_TYPE=IDC25X2_SMTA
A 1680 330 10 0 3 0 CONFIGURATION=25X2
A 1680 320 10 0 3 0 TYPE=IDC
A 1680 310 10 0 3 0 DESCRIPTION=HEADER W/ALIGNMENT
A 1680 300 10 0 3 0 PRT_NUM=6000857
X 46 0
A 1700 390 10 0 9 3 #=47
X 47 0
A 1700 410 10 0 9 3 #=45
X 45 0
A 1700 430 10 0 9 3 #=43
C 495 1 124 0
A 1700 450 10 0 9 3 #=41
C 445 2 42 0
A 1700 470 10 0 9 3 #=39
C 446 2 43 0
A 1700 490 10 0 9 3 #=37
C 159 1 44 0
A 1700 510 10 0 9 3 #=35
X 79 0
A 1700 530 10 0 9 3 #=33
C 312 2 80 0
A 1700 550 10 0 9 3 #=31
C 141 1 81 0
A 1700 570 10 0 9 3 #=29
C 432 2 82 0
A 1700 590 10 0 9 3 #=27
C 430 2 83 0
A 1700 610 10 0 9 3 #=25
C 308 1 88 0
A 1700 710 10 0 9 3 #=15
C 309 2 87 0
A 1700 690 10 0 9 3 #=17
C 310 1 89 0
A 1700 730 10 0 9 3 #=13
C 434 2 95 0
A 1810 630 10 0 3 3 #=24
C 433 1 97 0
A 1810 650 10 0 3 3 #=22
X 51 0
A 1700 370 10 0 9 3 #=49
X 57 0
A 1810 370 10 0 3 3 #=50
C 33 3 61 0
A 1810 790 10 0 3 3 #=8
C 33 1 60 0
A 1810 810 10 0 3 3 #=6
C 34 5 59 0
A 1810 830 10 0 3 3 #=4
C 34 2 58 0
A 1810 850 10 0 3 3 #=2
C 313 2 91 0
A 1810 550 10 0 3 3 #=32
X 90 0
A 1810 530 10 0 3 3 #=34
C 426 2 93 0
A 1810 590 10 0 3 3 #=28
C 311 2 86 0
A 1700 670 10 0 9 3 #=19
C 435 1 94 0
A 1810 610 10 0 3 3 #=26
C 429 2 84 0
A 1700 630 10 0 9 3 #=23
C 427 2 85 0
A 1700 650 10 0 9 3 #=21
C 144 1 92 0
A 1810 570 10 0 3 3 #=30
X 29 0
A 1810 390 10 0 3 3 #=48
X 30 0
A 1810 410 10 0 3 3 #=46
X 32 0
A 1810 430 10 0 3 3 #=44
X 123 0
A 1810 450 10 0 3 3 #=42
C 300 1 99 0
A 1810 690 10 0 3 3 #=18
C 301 2 98 0
A 1810 670 10 0 3 3 #=20
X 34 0
A 1810 510 10 0 3 3 #=36
C 448 2 33 0
A 1810 470 10 0 3 3 #=40
C 447 2 35 0
A 1810 490 10 0 3 3 #=38
C 37 7 63 0
A 1700 750 10 0 9 3 #=11
C 37 6 56 0
A 1700 770 10 0 9 3 #=9
C 37 5 55 0
A 1700 790 10 0 9 3 #=7
C 37 4 54 0
A 1700 810 10 0 9 3 #=5
C 37 3 53 0
A 1700 830 10 0 9 3 #=3
C 37 13 52 0
A 1700 850 10 0 9 3 #=1
C 302 1 100 0
A 1810 710 10 0 3 3 #=16
C 299 2 96 0
A 1810 730 10 0 3 3 #=14
C 33 6 65 0
A 1810 750 10 0 3 3 #=12
C 33 9 62 0
A 1810 770 10 0 3 3 #=10
I 167 ADI_Released:CON_NGEI_PPI_KIT 1 960 810 0 1 '
|R 21:19_1-29-09
A 960 800 10 0 3 0 COST=2.73
A 980 1520 10 0 3 3 REFDES=P3
A 960 800 10 0 3 0 ROHS=ROHS
A 980 810 10 0 3 3 PKG_TYPE=IDC35X2_SMTA
A 960 790 10 0 3 0 CONFIGURATION=35X2
A 960 780 10 0 3 0 TYPE=IDC
A 960 770 10 0 3 0 DESCRIPTION=HEADER W/ALIGNMENT
A 960 760 10 0 3 0 PRT_NUM=6000858
C 492 2 169 0
A 980 890 10 0 9 3 #=63
X 146 0
A 980 930 10 0 9 3 #=59
X 125 0
A 980 950 10 0 9 3 #=57
X 143 0
A 980 990 10 0 9 3 #=53
X 144 0
A 980 970 10 0 9 3 #=55
X 141 0
A 980 1030 10 0 9 3 #=49
X 165 0
A 1190 910 10 0 3 3 #=62
C 26 1 158 0
A 1190 1450 10 0 3 3 #=8
C 26 9 148 0
A 1190 1410 10 0 3 3 #=12
C 26 6 147 0
A 1190 1430 10 0 3 3 #=10
C 31 3 154 0
A 980 1430 10 0 9 3 #=9
C 27 5 155 0
A 1190 1510 10 0 3 3 #=2
C 126 2 44 0
A 980 1150 10 0 9 3 #=37
X 142 0
A 980 1010 10 0 9 3 #=51
X 140 0
A 980 1050 10 0 9 3 #=47
X 139 0
A 980 1070 10 0 9 3 #=45
X 138 0
A 980 1090 10 0 9 3 #=43
X 137 0
A 980 1110 10 0 9 3 #=41
X 136 0
A 980 1130 10 0 9 3 #=39
X 135 0
A 1190 970 10 0 3 3 #=56
X 132 0
A 1190 1030 10 0 3 3 #=50
X 130 0
A 1190 1050 10 0 3 3 #=48
X 129 0
A 1190 1070 10 0 3 3 #=46
X 128 0
A 1190 1090 10 0 3 3 #=44
X 131 0
A 1190 1130 10 0 3 3 #=40
C 469 1 34 0
A 1190 1150 10 0 3 3 #=38
X 133 0
A 1190 1010 10 0 3 3 #=52
X 145 0
A 1190 930 10 0 3 3 #=60
X 126 0
A 1190 950 10 0 3 3 #=58
X 134 0
A 1190 990 10 0 3 3 #=54
X 127 0
A 1190 1110 10 0 3 3 #=42
C 401 2 88 0
A 980 1370 10 0 9 3 #=15
C 462 2 96 0
A 1190 1390 10 0 3 3 #=14
C 461 2 89 0
A 980 1390 10 0 9 3 #=13
C 381 3 83 0
A 980 1270 10 0 9 3 #=25
C 382 2 94 0
A 1190 1270 10 0 3 3 #=26
C 392 1 84 0
A 980 1290 10 0 9 3 #=23
C 391 1 95 0
A 1190 1290 10 0 3 3 #=24
C 386 1 85 0
A 980 1310 10 0 9 3 #=21
C 389 1 97 0
A 1190 1310 10 0 3 3 #=22
C 385 1 86 0
A 980 1330 10 0 9 3 #=19
C 390 1 98 0
A 1190 1330 10 0 3 3 #=20
X 123 0
A 980 1190 10 0 9 3 #=33
X 124 0
A 1190 1190 10 0 3 3 #=34
C 377 3 80 0
A 980 1210 10 0 9 3 #=31
C 378 2 91 0
A 1190 1210 10 0 3 3 #=32
C 383 3 81 0
A 980 1230 10 0 9 3 #=29
C 380 2 92 0
A 1190 1230 10 0 3 3 #=30
C 384 3 82 0
A 980 1250 10 0 9 3 #=27
C 379 2 93 0
A 1190 1250 10 0 3 3 #=28
C 388 1 87 0
A 980 1350 10 0 9 3 #=17
C 460 2 100 0
A 1190 1370 10 0 3 3 #=16
C 387 1 99 0
A 1190 1350 10 0 3 3 #=18
C 26 3 157 0
A 1190 1470 10 0 3 3 #=6
C 27 2 156 0
A 1190 1490 10 0 3 3 #=4
C 31 5 153 0
A 980 1450 10 0 9 3 #=7
C 31 7 152 0
A 980 1470 10 0 9 3 #=5
C 31 9 151 0
A 980 1490 10 0 9 3 #=3
C 31 14 150 0
A 980 1510 10 0 9 3 #=1
C 467 2 160 0
A 1190 1170 10 0 3 3 #=36
C 468 2 159 0
A 980 1170 10 0 9 3 #=35
C 31 1 166 0
A 980 1410 10 0 9 3 #=11
X 175 0
A 980 830 10 0 9 3 #=69
X 174 0
A 1190 870 10 0 3 3 #=66
X 173 0
A 1190 850 10 0 3 3 #=68
X 172 0
A 980 850 10 0 9 3 #=67
X 171 0
A 1190 890 10 0 3 3 #=64
C 491 1 170 0
A 980 910 10 0 9 3 #=61
X 168 0
A 980 870 10 0 9 3 #=65
X 167 0
A 1190 830 10 0 3 3 #=70
E
