V 53
K 179955775200 a0217_2008
F Case
Y 0
D 0 0 2200 1700
Z 2
i 525
N 470
J 1860 1150 1
J 1900 1150 2
S 1 2
L 1820 1150 10 0 8 0 1 0 TSCLK0/SD_CLK_Z
N 471
J 1900 1170 2
J 1860 1170 1
S 2 1
L 1820 1170 10 0 8 0 1 0 UART0_TX_Z
N 472
J 1860 1190 1
J 1900 1190 2
S 1 2
L 1820 1190 10 0 8 0 1 0 UART0_RX_Z
N 469
J 1900 1130 2
J 1860 1130 1
S 2 1
L 1820 1130 10 0 8 0 1 0 DT0PRI/SD_CMD_Z
N 476
J 2010 1130 2
J 2050 1130 1
S 1 2
L 2150 1130 10 0 8 0 1 0 DT0PRI/SD_CMD
N 475
J 2050 1190 1
J 2010 1190 2
S 2 1
L 2150 1190 10 0 8 0 1 0 UART0_RX
N 474
J 2010 1170 2
J 2050 1170 1
S 1 2
L 2150 1170 10 0 8 0 1 0 UART0_TX
N 473
J 2050 1150 1
J 2010 1150 2
S 2 1
L 2150 1150 10 0 8 0 1 0 TSCLK0/SD_CLK
N 371
J 1130 1130 2
J 1170 1130 2
S 1 2
L 1210 1129 10 0 2 0 1 1 AMS1
N 369
J 1130 1150 2
J 1170 1150 2
S 1 2
L 1210 1149 10 0 2 0 1 1 ARE
N 368
J 1130 1170 2
J 1170 1170 2
S 1 2
L 1210 1169 10 0 2 0 1 1 AWE
N 370
J 1130 1190 2
J 1170 1190 2
S 1 2
L 1210 1189 10 0 2 0 1 1 AMS0
N 379
J 1020 1190 2
J 980 1190 1
S 2 1
L 930 1189 10 0 2 0 1 1 AMS0_Z
N 378
J 1020 1170 2
J 980 1170 1
S 2 1
L 930 1169 10 0 2 0 1 1 AWE_Z
N 377
J 1020 1150 2
J 980 1150 1
S 2 1
L 930 1149 10 0 2 0 1 1 ARE_Z
N 376
J 1020 1130 2
J 980 1130 1
S 2 1
L 930 1129 10 0 2 0 1 1 AMS1_Z
N 505
Q 10 1 0
J 100 940 1
J 140 940 2
S 1 2
L 110 940 10 0 3 0 1 0 D7_ZZ
N 506
Q 10 1 0
J 100 900 1
J 140 900 2
S 1 2
L 110 900 10 0 3 0 1 0 D5_ZZ
N 507
Q 10 1 0
J 100 880 1
J 140 880 2
S 1 2
L 110 880 10 0 3 0 1 0 D4_ZZ
N 508
Q 10 1 0
J 100 920 1
J 140 920 2
S 1 2
L 110 920 10 0 3 0 1 0 D6_ZZ
N 509
Q 10 1 0
J 290 920 1
J 250 920 2
S 2 1
L 260 920 10 0 3 0 1 0 D6
N 510
Q 10 1 0
J 290 880 1
J 250 880 2
S 2 1
L 260 880 10 0 3 0 1 0 D4
N 511
Q 10 1 0
J 290 900 1
J 250 900 2
S 2 1
L 260 900 10 0 3 0 1 0 D5
N 512
Q 10 1 0
J 290 940 1
J 250 940 2
S 2 1
L 260 940 10 0 3 0 1 0 D7
N 493
Q 10 1 0
J 1420 1150 1
J 1460 1150 2
S 1 2
L 1430 1150 10 0 3 0 1 0 D5
N 494
Q 10 1 0
J 1420 1130 1
J 1460 1130 2
S 1 2
L 1430 1130 10 0 3 0 1 0 D4
N 495
Q 10 1 0
J 1420 1170 1
J 1460 1170 2
S 1 2
L 1430 1170 10 0 3 0 1 0 D6
N 496
Q 10 1 0
J 1420 1190 1
J 1460 1190 2
S 1 2
L 1430 1190 10 0 3 0 1 0 D7
N 489
Q 10 1 0
J 1610 1170 1
J 1570 1170 2
S 2 1
L 1580 1170 10 0 3 0 1 0 D6_Z
N 490
Q 10 1 0
J 1610 1130 1
J 1570 1130 2
S 2 1
L 1580 1130 10 0 3 0 1 0 D4_Z
N 491
Q 10 1 0
J 1610 1150 1
J 1570 1150 2
S 2 1
L 1580 1150 10 0 3 0 1 0 D5_Z
N 492
Q 10 1 0
J 1610 1190 1
J 1570 1190 2
S 2 1
L 1580 1190 10 0 3 0 1 0 D7_Z
N 487
Q 10 1 0
J 310 1420 1
J 250 1420 2
S 2 1
L 270 1420 10 0 3 0 1 0 D3_Z
N 488
Q 10 1 0
J 250 1440 2
J 310 1440 1
S 1 2
L 270 1440 10 0 3 0 1 0 D2_Z
N 481
J 690 880 2
J 730 880 1
S 1 2
L 840 880 10 0 8 0 1 0 DR0PRI/SD_D0
N 482
J 730 900 1
J 690 900 2
S 2 1
L 840 900 10 0 8 0 1 0 RSCLK0/SD_D1
N 483
J 690 920 2
J 730 920 1
S 1 2
L 840 920 10 0 8 0 1 0 RFS0/SD_D2
N 484
J 730 940 1
J 690 940 2
S 2 1
L 840 940 10 0 8 0 1 0 TFS0/SD_D3
N 477
J 580 880 2
J 540 880 1
S 2 1
L 500 880 10 0 8 0 1 0 DR0PRI/SD_D0_Z
N 478
J 540 900 1
J 580 900 2
S 1 2
L 500 900 10 0 8 0 1 0 RSCLK0/SD_D1_Z
N 479
J 580 920 2
J 540 920 1
S 2 1
L 500 920 10 0 8 0 1 0 RFS0/SD_D2_Z
N 480
J 540 940 1
J 580 940 2
S 1 2
L 500 940 10 0 8 0 1 0 TFS0/SD_D3_Z
N 465
J 2030 1440 1
J 2010 1440 2
S 2 1
L 2110 1440 10 0 8 0 1 0 SPI0_MOSI
N 466
J 2030 1420 1
J 2010 1420 2
S 2 1
L 2110 1420 10 0 8 0 1 0 SPI0_MISO
N 467
J 2030 1400 1
J 2010 1400 2
S 2 1
L 2110 1400 10 0 8 0 1 0 SPI0_SCK
N 468
J 2030 1380 1
J 2010 1380 2
S 2 1
L 2110 1380 10 0 8 0 1 1 AMS2
I 460 ADI_Released:PORT_OUT 1 1850 1400 0 1 '
C 456 1 6 0
I 461 ADI_Released:PORT_OUT 1 1850 1440 0 1 '
C 458 1 6 0
I 462 ADI_Released:PORT_OUT 1 1850 1380 0 1 '
C 455 1 6 0
N 447
Q 10 1 0
J 2070 690 1
J 2010 690 2
S 2 1
L 2030 690 10 0 3 0 1 0 D11
N 449
Q 10 1 0
J 2070 650 1
J 2010 650 2
S 2 1
L 2030 650 10 0 3 0 1 0 D9
N 450
Q 10 1 0
J 2070 630 1
J 2010 630 2
S 2 1
L 2030 630 10 0 3 0 1 0 D8
N 451
Q 10 1 0
J 1840 630 1
J 1900 630 2
S 1 2
L 1860 630 10 0 3 0 1 0 D8_ZZ
N 452
Q 10 1 0
J 1840 650 1
J 1900 650 2
S 1 2
L 1860 650 10 0 3 0 1 0 D9_ZZ
N 453
Q 10 1 0
J 1840 670 1
J 1900 670 2
S 1 2
L 1860 670 10 0 3 0 1 0 D10_ZZ
N 454
Q 10 1 0
J 1840 690 1
J 1900 690 2
S 1 2
L 1860 690 10 0 3 0 1 0 D11_ZZ
N 439
Q 10 1 0
J 1840 470 1
J 1900 470 2
S 1 2
L 1860 470 10 0 3 0 1 0 D15_ZZ
N 440
Q 10 1 0
J 1840 450 1
J 1900 450 2
S 1 2
L 1860 450 10 0 3 0 1 0 D14_ZZ
N 441
Q 10 1 0
J 1840 430 1
J 1900 430 2
S 1 2
L 1860 430 10 0 3 0 1 0 D13_ZZ
N 442
Q 10 1 0
J 1840 410 1
J 1900 410 2
S 1 2
L 1860 410 10 0 3 0 1 0 D12_ZZ
N 443
Q 10 1 0
J 2070 410 1
J 2010 410 2
S 2 1
L 2030 410 10 0 3 0 1 0 D12
N 444
Q 10 1 0
J 2070 430 1
J 2010 430 2
S 2 1
L 2030 430 10 0 3 0 1 0 D13
N 445
Q 10 1 0
J 2070 450 1
J 2010 450 2
S 2 1
L 2030 450 10 0 3 0 1 0 D14
N 446
Q 10 1 0
J 2070 470 1
J 2010 470 2
S 2 1
L 2030 470 10 0 3 0 1 0 D15
N 434
Q 10 1 0
J 1900 900 2
J 1850 900 1
S 2 1
L 1890 900 10 0 9 0 1 0 A13_Z
N 435
Q 10 1 0
J 1900 920 2
J 1850 920 1
S 2 1
L 1890 920 10 0 9 0 1 0 A14_Z
N 436
Q 10 1 0
J 1900 940 2
J 1850 940 1
S 2 1
L 1890 940 10 0 9 0 1 0 A15_Z
N 426
Q 10 1 0
J 1460 1440 2
J 1410 1440 1
S 2 1
L 1450 1440 10 0 9 0 1 0 A19_Z
N 427
Q 10 1 0
J 1460 1380 2
J 1410 1380 1
S 2 1
L 1450 1380 10 0 9 0 1 0 A16_Z
N 428
Q 10 1 0
J 1460 1420 2
J 1410 1420 1
S 2 1
L 1450 1420 10 0 9 0 1 0 A18_Z
N 429
Q 10 1 0
J 1460 1400 2
J 1410 1400 1
S 2 1
L 1450 1400 10 0 9 0 1 0 A17_Z
N 425
Q 10 1 0
J 1570 1400 2
J 1620 1400 1
S 1 2
L 1610 1400 10 0 9 0 1 0 A17
N 422
Q 10 1 0
J 1570 1380 2
J 1620 1380 1
S 1 2
L 1610 1380 10 0 9 0 1 0 A16
N 410
Q 10 1 0
J 1570 880 2
J 1630 880 1
S 1 2
L 1590 880 10 0 3 0 1 0 D8_Z
N 411
Q 10 1 0
J 1570 900 2
J 1630 900 1
S 1 2
L 1590 900 10 0 3 0 1 0 D9_Z
N 412
Q 10 1 0
J 1570 920 2
J 1630 920 1
S 1 2
L 1590 920 10 0 3 0 1 0 D10_Z
N 413
Q 10 1 0
J 1570 940 2
J 1630 940 1
S 1 2
L 1590 940 10 0 3 0 1 0 D11_Z
N 402
Q 10 1 0
J 1570 630 2
J 1630 630 1
S 1 2
L 1590 630 10 0 3 0 1 0 D12_Z
N 403
Q 10 1 0
J 1570 650 2
J 1630 650 1
S 1 2
L 1590 650 10 0 3 0 1 0 D13_Z
N 404
Q 10 1 0
J 1570 670 2
J 1630 670 1
S 1 2
L 1590 670 10 0 3 0 1 0 D14_Z
N 405
Q 10 1 0
J 1570 690 2
J 1630 690 1
S 1 2
L 1590 690 10 0 3 0 1 0 D15_Z
N 388
J 1020 880 2
J 1000 880 1
S 2 1
L 960 880 10 0 8 0 1 1 SRAS_Z
N 389
J 1000 900 1
J 1020 900 2
S 1 2
L 960 900 10 0 8 0 1 1 SCAS_Z
N 390
J 1020 920 2
J 1000 920 1
S 2 1
L 960 920 10 0 8 0 1 1 SMS_Z
N 391
J 1020 940 2
J 1000 940 1
S 2 1
L 960 940 10 0 8 0 1 0 SCKE_Z
I 381 ADI_Released:PORT_OUT 1 1180 940 4 1 '
C 380 1 6 0
I 382 ADI_Released:PORT_OUT 1 1180 900 4 1 '
C 387 2 6 0
I 383 ADI_Released:PORT_OUT 1 1180 880 4 1 '
C 386 1 6 0
I 372 ADI_Released:PORT_OUT 2 1170 1130 0 1 '
C 371 2 1 0
I 373 ADI_Released:PORT_OUT 2 1170 1190 0 1 '
C 370 2 1 0
I 374 ADI_Released:PORT_OUT 2 1170 1150 0 1 '
C 369 2 1 0
I 375 ADI_Released:PORT_OUT 2 1170 1170 0 1 '
C 368 2 1 0
N 364
J 1000 630 1
J 1020 630 2
S 1 2
L 910 629 10 0 2 0 1 0 ABE1#/SDQM1_Z
N 365
J 1000 650 1
J 1020 650 2
S 1 2
L 910 649 10 0 2 0 1 0 ABE0#/SDQM0_Z
N 366
J 1020 670 2
J 1000 670 1
S 2 1
L 910 670 10 4 8 0 1 0 SA10_Z
N 367
J 1000 690 1
J 1020 690 2
S 1 2
L 910 690 10 4 8 0 1 1 SWE_Z
I 358 ADI_Released:PORT_OUT 1 1180 670 4 1 '
C 356 2 6 0
I 359 ADI_Released:PORT_OUT 1 1180 690 4 1 '
C 357 1 6 0
I 362 ADI_Released:PORT_OUT 2 1150 630 0 1 '
C 360 1 1 0
I 363 ADI_Released:PORT_OUT 2 1150 650 0 1 '
C 361 1 1 0
N 352
Q 10 1 0
J 580 1170 2
J 530 1170 1
S 2 1
L 570 1170 10 0 9 0 1 0 A2_Z
N 353
Q 10 1 0
J 580 1150 2
J 530 1150 1
S 2 1
L 570 1150 10 0 9 0 1 0 A3_Z
N 354
Q 10 1 0
J 580 1130 2
J 530 1130 1
S 2 1
L 570 1130 10 0 9 0 1 0 A4_Z
N 355
Q 10 1 0
J 530 1190 1
J 580 1190 2
S 1 2
L 570 1190 10 0 9 0 1 0 A1_Z
N 351
Q 10 1 0
J 690 1170 2
J 740 1170 1
S 1 2
L 730 1170 10 0 9 0 1 0 A2
N 350
Q 10 1 0
J 690 1150 2
J 740 1150 1
S 1 2
L 730 1150 10 0 9 0 1 0 A3
N 349
Q 10 1 0
J 690 1130 2
J 740 1130 1
S 1 2
L 730 1130 10 0 9 0 1 0 A4
N 348
Q 10 1 0
J 740 1190 1
J 690 1190 2
S 2 1
L 730 1190 10 0 9 0 1 0 A1
N 344
Q 10 1 0
J 530 1440 1
J 580 1440 2
S 1 2
L 570 1440 10 0 9 0 1 0 A5_Z
N 345
Q 10 1 0
J 580 1420 2
J 530 1420 1
S 2 1
L 570 1420 10 0 9 0 1 0 A6_Z
N 346
Q 10 1 0
J 580 1400 2
J 530 1400 1
S 2 1
L 570 1400 10 0 9 0 1 0 A8_Z
N 347
Q 10 1 0
J 580 1380 2
J 530 1380 1
S 2 1
L 570 1380 10 0 9 0 1 0 A7_Z
N 336
Q 10 1 0
J 140 670 2
J 90 670 1
S 2 1
L 130 670 10 0 9 0 1 0 A10_Z
N 337
Q 10 1 0
J 140 650 2
J 90 650 1
S 2 1
L 130 650 10 0 9 0 1 0 A11_Z
N 338
Q 10 1 0
J 140 630 2
J 90 630 1
S 2 1
L 130 630 10 0 9 0 1 0 A12_Z
N 339
Q 10 1 0
J 140 690 2
J 90 690 1
S 2 1
L 130 690 10 0 9 0 1 0 A9_Z
N 335
Q 10 1 0
J 250 670 2
J 300 670 1
S 1 2
L 290 670 10 0 9 0 1 0 A10
N 334
Q 10 1 0
J 250 650 2
J 300 650 1
S 1 2
L 290 650 10 0 9 0 1 0 A11
N 333
Q 10 1 0
J 250 630 2
J 300 630 1
S 1 2
L 290 630 10 0 9 0 1 0 A12
N 332
Q 10 1 0
J 250 690 2
J 300 690 1
S 1 2
L 290 690 10 0 9 0 1 0 A9
N 329
Q 10 1 0
J 250 1400 2
J 310 1400 1
S 1 2
L 270 1400 10 0 3 0 1 0 D1_Z
N 328
Q 10 1 0
J 250 1380 2
J 310 1380 1
S 1 2
L 270 1380 10 0 3 0 1 0 D0_Z
N 325
Q 10 1 0
J 140 1400 2
J 80 1400 1
S 2 1
L 100 1400 10 0 3 0 1 0 D1
N 324
Q 10 1 0
J 140 1380 2
J 80 1380 1
S 2 1
L 100 1380 10 0 3 0 1 0 D0
N 297
J 580 690 2
J 560 690 1
S 2 1
L 420 690 10 0 2 0 1 0 CUD/SD_CD_Z
N 298
J 580 670 2
J 560 670 1
S 2 1
L 420 670 10 0 2 0 1 0 CDG/ADC_A1/LED2_Z
N 299
J 580 650 2
J 560 650 1
S 2 1
L 420 650 10 0 2 0 1 0 CZM/ADC_A2/LED3_Z
N 300
J 580 630 2
J 560 630 1
S 2 1
L 420 630 10 0 2 0 1 0 DR1SEC_Z
I 293 ADI_Released:PORT_BI 2 710 690 0 1 '
C 290 2 9 0
I 294 ADI_Released:PORT_BI 2 710 630 0 1 '
C 289 2 9 0
I 295 ADI_Released:PORT_BI 2 710 670 0 1 '
C 292 2 9 0
I 296 ADI_Released:PORT_BI 2 710 650 0 1 '
C 291 2 9 0
N 287
J 1020 1380 2
J 1000 1380 1
S 2 1
L 830 1380 10 0 2 0 1 0 ADC_A0/LED1/MMC_D7/OTP_EN_Z
N 288
J 1020 1400 2
J 1000 1400 1
S 2 1
L 830 1400 10 0 2 0 1 0 RSCLK1/MMC_D6_Z
I 285 ADI_Released:PORT_BI 2 1150 1400 0 1 '
C 283 2 9 0
I 286 ADI_Released:PORT_BI 2 1150 1380 0 1 '
C 284 2 9 0
I 281 ADI_Released:PORT_BI 2 1150 1420 0 1 '
C 280 2 9 0
I 277 ADI_Released:PORT_BI 2 1150 1440 0 1 '
C 276 2 9 0
I 269 ADI_Released:RNET_4SERIES 1 580 1090 0 1 '
|R 21:26_1-29-09
A 580 1030 10 0 3 0 COST=0.0078
A 580 1040 10 0 3 0 ROHS=ROHS
A 600 1090 10 0 3 3 PKG_TYPE=RNS005
A 580 1050 10 0 3 0 TOLERANCE=5%
A 580 1060 10 0 3 0 POWER=1/32W
A 600 1100 10 0 3 3 VALUE=33
A 580 1070 10 0 3 0 DESCRIPTION=SERIES
A 580 1080 10 0 3 0 PRT_NUM=7000661
A 600 1210 10 0 3 3 REFDES=RN6
C 353 1 139 0
A 600 1150 10 0 9 3 #=3
C 354 1 140 0
A 600 1130 10 0 9 3 #=4
C 352 1 138 0
A 600 1170 10 0 9 3 #=2
C 355 2 137 0
A 600 1190 10 0 9 3 #=1
C 348 2 180 0
A 670 1190 10 0 3 3 #=8
C 351 1 181 0
A 670 1170 10 0 3 3 #=7
C 350 1 182 0
A 670 1150 10 0 3 3 #=6
C 349 1 183 0
A 670 1130 10 0 3 3 #=5
I 270 ADI_Released:RNET_4SERIES 1 580 840 0 1 '
|R 21:26_1-29-09
A 600 960 10 0 3 3 REFDES=RN7
A 580 830 10 0 3 0 PRT_NUM=7000661
A 580 820 10 0 3 0 DESCRIPTION=SERIES
A 600 850 10 0 3 3 VALUE=33
A 580 810 10 0 3 0 POWER=1/32W
A 580 800 10 0 3 0 TOLERANCE=5%
A 600 840 10 0 3 3 PKG_TYPE=RNS005
A 580 790 10 0 3 0 ROHS=ROHS
A 580 780 10 0 3 0 COST=0.0078
C 481 1 183 0
A 670 880 10 0 3 3 #=5
C 482 2 182 0
A 670 900 10 0 3 3 #=6
C 483 1 181 0
A 670 920 10 0 3 3 #=7
C 484 2 180 0
A 670 940 10 0 3 3 #=8
C 480 2 137 0
A 600 940 10 0 9 3 #=1
C 479 1 138 0
A 600 920 10 0 9 3 #=2
C 477 1 140 0
A 600 880 10 0 9 3 #=4
C 478 2 139 0
A 600 900 10 0 9 3 #=3
I 267 ADI_Released:RNET_4SERIES 1 140 590 0 1 '
|R 21:26_1-29-09
A 160 710 10 0 3 3 REFDES=RN4
A 140 580 10 0 3 0 PRT_NUM=7000661
A 140 570 10 0 3 0 DESCRIPTION=SERIES
A 160 600 10 0 3 3 VALUE=33
A 140 560 10 0 3 0 POWER=1/32W
A 140 550 10 0 3 0 TOLERANCE=5%
A 160 590 10 0 3 3 PKG_TYPE=RNS005
A 140 540 10 0 3 0 ROHS=ROHS
A 140 530 10 0 3 0 COST=0.0078
C 333 1 183 0
A 230 630 10 0 3 3 #=5
C 334 1 182 0
A 230 650 10 0 3 3 #=6
C 335 1 181 0
A 230 670 10 0 3 3 #=7
C 332 1 180 0
A 230 690 10 0 3 3 #=8
C 339 1 137 0
A 160 690 10 0 9 3 #=1
C 336 1 138 0
A 160 670 10 0 9 3 #=2
C 338 1 140 0
A 160 630 10 0 9 3 #=4
C 337 1 139 0
A 160 650 10 0 9 3 #=3
I 1 CSHEET 1 0 0 0 1 '
|R 20:56_2-24-09
A 1871 125 24 0 5 3 PDF_TITLE=SERIES TERMINATORS
N 276
J 1130 1440 2
J 1150 1440 2
S 1 2
L 1190 1440 10 0 2 0 1 0 PB1/DR1PRI/MMC_D4
N 278
J 1020 1440 2
J 1000 1440 1
S 2 1
L 870 1440 10 0 2 0 1 0 PB1/DR1PRI/MMC_D4_Z
N 280
J 1130 1420 2
J 1150 1420 2
S 1 2
L 1190 1420 10 0 2 0 1 0 PB2/RFS1/MMC_D5
N 282
J 1020 1420 2
J 1000 1420 1
S 2 1
L 880 1420 10 0 2 0 1 0 PB2/RFS1/MMC_D5_Z
N 283
J 1130 1400 2
J 1150 1400 2
S 1 2
L 1190 1400 10 0 2 0 1 0 RSCLK1/MMC_D6
N 284
J 1130 1380 2
J 1150 1380 2
S 1 2
L 1190 1380 10 0 2 0 1 0 ADC_A0/LED1/MMC_D7/OTP_EN
N 290
J 690 690 2
J 710 690 2
S 1 2
L 750 690 10 0 2 0 1 0 CUD/SD_CD
N 292
J 690 670 2
J 710 670 2
S 1 2
L 750 670 10 0 2 0 1 0 CDG/ADC_A1/LED2
N 291
J 690 650 2
J 710 650 2
S 1 2
L 750 650 10 0 2 0 1 0 CZM/ADC_A2/LED3
N 289
J 690 630 2
J 710 630 2
S 1 2
L 750 630 10 0 2 0 1 0 DR1SEC
I 265 ADI_Released:RNET_4SERIES 1 140 1090 0 1 '
|R 21:26_1-29-09
A 160 1210 10 0 3 3 REFDES=RN2
A 140 1080 10 0 3 0 PRT_NUM=7000693
A 140 1070 10 0 3 0 DESCRIPTION=SERIES
A 160 1100 10 0 3 3 VALUE=22
A 140 1060 10 0 3 0 POWER=1/32W
A 140 1050 10 0 3 0 TOLERANCE=5%
A 160 1090 10 0 3 3 PKG_TYPE=RNS005
A 140 1040 10 0 3 0 ROHS=ROHS
A 140 1030 10 0 3 0 COST=0.0083
C 317 2 183 0
A 230 1130 10 0 3 3 #=5
C 316 1 182 0
A 230 1150 10 0 3 3 #=6
C 319 2 181 0
A 230 1170 10 0 3 3 #=7
C 318 2 180 0
A 230 1190 10 0 3 3 #=8
C 321 2 137 0
A 160 1190 10 0 9 3 #=1
C 320 2 138 0
A 160 1170 10 0 9 3 #=2
C 322 2 140 0
A 160 1130 10 0 9 3 #=4
C 323 1 139 0
A 160 1150 10 0 9 3 #=3
N 321
Q 10 1 0
J 80 1190 1
J 140 1190 2
S 1 2
L 100 1190 10 0 3 0 1 0 D0
N 320
Q 10 1 0
J 80 1170 1
J 140 1170 2
S 1 2
L 100 1170 10 0 3 0 1 0 D1
N 323
Q 10 1 0
J 140 1150 2
J 80 1150 1
S 2 1
L 100 1150 10 0 3 0 1 0 D2
N 322
Q 10 1 0
J 80 1130 1
J 140 1130 2
S 1 2
L 100 1130 10 0 3 0 1 0 D3
N 318
Q 10 1 0
J 310 1190 1
J 250 1190 2
S 2 1
L 270 1190 10 0 3 0 1 0 D0_ZZ
N 319
Q 10 1 0
J 310 1170 1
J 250 1170 2
S 2 1
L 270 1170 10 0 3 0 1 0 D1_ZZ
N 316
Q 10 1 0
J 250 1150 2
J 310 1150 1
S 1 2
L 270 1150 10 0 3 0 1 0 D2_ZZ
N 317
Q 10 1 0
J 310 1130 1
J 250 1130 2
S 2 1
L 270 1130 10 0 3 0 1 0 D3_ZZ
N 342
Q 10 1 0
J 690 1380 2
J 740 1380 1
S 1 2
L 730 1380 10 0 9 0 1 0 A7
N 341
Q 10 1 0
J 690 1400 2
J 740 1400 1
S 1 2
L 730 1400 10 0 9 0 1 0 A8
N 340
Q 10 1 0
J 690 1420 2
J 740 1420 1
S 1 2
L 730 1420 10 0 9 0 1 0 A6
N 343
Q 10 1 0
J 740 1440 1
J 690 1440 2
S 2 1
L 730 1440 10 0 9 0 1 0 A5
N 357
J 1150 690 2
J 1130 690 2
S 2 1
L 1190 690 10 4 8 0 1 1 SWE
N 356
J 1130 670 2
J 1150 670 2
S 1 2
L 1190 670 10 4 8 0 1 0 SA10
N 361
J 1150 650 2
J 1130 650 2
S 2 1
L 1190 649 10 0 2 0 1 0 ABE0#/SDQM0
N 360
J 1150 630 2
J 1130 630 2
S 2 1
L 1190 629 10 0 2 0 1 0 ABE1#/SDQM1
I 384 ADI_Released:PORT_OUT 1 1180 920 4 1 '
C 385 1 6 0
N 380
J 1150 940 2
J 1130 940 2
S 2 1
L 1190 940 10 4 8 0 1 0 SCKE
N 385
J 1150 920 2
J 1130 920 2
S 2 1
L 1190 920 10 4 8 0 1 1 SMS
N 387
J 1130 900 2
J 1150 900 2
S 1 2
L 1190 900 10 4 8 0 1 1 SCAS
N 386
J 1150 880 2
J 1130 880 2
S 2 1
L 1190 880 10 4 8 0 1 1 SRAS
I 272 ADI_Released:RNET_4SERIES 1 1020 1340 0 1 '
|R 21:26_1-29-09
A 1020 1280 10 0 3 0 COST=0.0078
A 1020 1290 10 0 3 0 ROHS=ROHS
A 1040 1340 10 0 3 3 PKG_TYPE=RNS005
A 1020 1300 10 0 3 0 TOLERANCE=5%
A 1020 1310 10 0 3 0 POWER=1/32W
A 1040 1350 10 0 3 3 VALUE=33
A 1020 1320 10 0 3 0 DESCRIPTION=SERIES
A 1020 1330 10 0 3 0 PRT_NUM=7000661
A 1040 1460 10 0 3 3 REFDES=RN9
C 288 1 139 0
A 1040 1400 10 0 9 3 #=3
C 287 1 140 0
A 1040 1380 10 0 9 3 #=4
C 282 1 138 0
A 1040 1420 10 0 9 3 #=2
C 278 1 137 0
A 1040 1440 10 0 9 3 #=1
C 276 1 180 0
A 1110 1440 10 0 3 3 #=8
C 280 1 181 0
A 1110 1420 10 0 3 3 #=7
C 283 1 182 0
A 1110 1400 10 0 3 3 #=6
C 284 1 183 0
A 1110 1380 10 0 3 3 #=5
I 273 ADI_Released:RNET_4SERIES 1 1020 1090 0 1 '
|R 21:26_1-29-09
A 1040 1210 10 0 3 3 REFDES=RN10
A 1020 1080 10 0 3 0 PRT_NUM=7000661
A 1020 1070 10 0 3 0 DESCRIPTION=SERIES
A 1040 1100 10 0 3 3 VALUE=33
A 1020 1060 10 0 3 0 POWER=1/32W
A 1020 1050 10 0 3 0 TOLERANCE=5%
A 1040 1090 10 0 3 3 PKG_TYPE=RNS005
A 1020 1040 10 0 3 0 ROHS=ROHS
A 1020 1030 10 0 3 0 COST=0.0078
C 371 1 183 0
A 1110 1130 10 0 3 3 #=5
C 369 1 182 0
A 1110 1150 10 0 3 3 #=6
C 368 1 181 0
A 1110 1170 10 0 3 3 #=7
C 370 1 180 0
A 1110 1190 10 0 3 3 #=8
C 379 1 137 0
A 1040 1190 10 0 9 3 #=1
C 378 1 138 0
A 1040 1170 10 0 9 3 #=2
C 376 1 140 0
A 1040 1130 10 0 9 3 #=4
C 377 1 139 0
A 1040 1150 10 0 9 3 #=3
I 274 ADI_Released:RNET_4SERIES 1 1020 840 0 1 '
|R 21:26_1-29-09
A 1020 780 10 0 3 0 COST=0.0078
A 1020 790 10 0 3 0 ROHS=ROHS
A 1040 840 10 0 3 3 PKG_TYPE=RNS005
A 1020 800 10 0 3 0 TOLERANCE=5%
A 1020 810 10 0 3 0 POWER=1/32W
A 1040 850 10 0 3 3 VALUE=33
A 1020 820 10 0 3 0 DESCRIPTION=SERIES
A 1020 830 10 0 3 0 PRT_NUM=7000661
A 1040 960 10 0 3 3 REFDES=RN11
C 389 2 139 0
A 1040 900 10 0 9 3 #=3
C 388 1 140 0
A 1040 880 10 0 9 3 #=4
C 390 1 138 0
A 1040 920 10 0 9 3 #=2
C 391 1 137 0
A 1040 940 10 0 9 3 #=1
C 380 2 180 0
A 1110 940 10 0 3 3 #=8
C 385 2 181 0
A 1110 920 10 0 3 3 #=7
C 387 1 182 0
A 1110 900 10 0 3 3 #=6
C 386 2 183 0
A 1110 880 10 0 3 3 #=5
I 275 ADI_Released:RNET_4SERIES 1 1020 590 0 1 '
|R 21:26_1-29-09
A 1040 710 10 0 3 3 REFDES=RN12
A 1020 580 10 0 3 0 PRT_NUM=7000661
A 1020 570 10 0 3 0 DESCRIPTION=SERIES
A 1040 600 10 0 3 3 VALUE=33
A 1020 560 10 0 3 0 POWER=1/32W
A 1020 550 10 0 3 0 TOLERANCE=5%
A 1040 590 10 0 3 3 PKG_TYPE=RNS005
A 1020 540 10 0 3 0 ROHS=ROHS
A 1020 530 10 0 3 0 COST=0.0078
C 360 2 183 0
A 1110 630 10 0 3 3 #=5
C 361 2 182 0
A 1110 650 10 0 3 3 #=6
C 356 1 181 0
A 1110 670 10 0 3 3 #=7
C 357 2 180 0
A 1110 690 10 0 3 3 #=8
C 367 2 137 0
A 1040 690 10 0 9 3 #=1
C 366 1 138 0
A 1040 670 10 0 9 3 #=2
C 364 2 140 0
A 1040 630 10 0 9 3 #=4
C 365 2 139 0
A 1040 650 10 0 9 3 #=3
I 393 ADI_Released:RNET_4SERIES 1 1460 840 0 1 '
|R 21:26_1-29-09
A 1480 960 10 0 3 3 REFDES=RN15
A 1460 830 10 0 3 0 PRT_NUM=7000693
A 1460 820 10 0 3 0 DESCRIPTION=SERIES
A 1480 850 10 0 3 3 VALUE=22
A 1460 810 10 0 3 0 POWER=1/32W
A 1460 800 10 0 3 0 TOLERANCE=5%
A 1480 840 10 0 3 3 PKG_TYPE=RNS005
A 1460 790 10 0 3 0 ROHS=ROHS
A 1460 780 10 0 3 0 COST=0.0083
C 410 1 183 0
A 1550 880 10 0 3 3 #=5
C 411 1 182 0
A 1550 900 10 0 3 3 #=6
C 412 1 181 0
A 1550 920 10 0 3 3 #=7
C 413 1 180 0
A 1550 940 10 0 3 3 #=8
C 408 1 137 0
A 1480 940 10 0 9 3 #=1
C 407 1 138 0
A 1480 920 10 0 9 3 #=2
C 406 1 140 0
A 1480 880 10 0 9 3 #=4
C 409 1 139 0
A 1480 900 10 0 9 3 #=3
I 392 ADI_Released:RNET_4SERIES 1 1460 590 0 1 '
|R 21:26_1-29-09
A 1460 530 10 0 3 0 COST=0.0083
A 1460 540 10 0 3 0 ROHS=ROHS
A 1480 590 10 0 3 3 PKG_TYPE=RNS005
A 1460 550 10 0 3 0 TOLERANCE=5%
A 1460 560 10 0 3 0 POWER=1/32W
A 1480 600 10 0 3 3 VALUE=22
A 1460 570 10 0 3 0 DESCRIPTION=SERIES
A 1460 580 10 0 3 0 PRT_NUM=7000693
A 1480 710 10 0 3 3 REFDES=RN16
C 401 1 139 0
A 1480 650 10 0 9 3 #=3
C 398 1 140 0
A 1480 630 10 0 9 3 #=4
C 400 1 138 0
A 1480 670 10 0 9 3 #=2
C 399 1 137 0
A 1480 690 10 0 9 3 #=1
C 405 1 180 0
A 1550 690 10 0 3 3 #=8
C 404 1 181 0
A 1550 670 10 0 3 3 #=7
C 403 1 182 0
A 1550 650 10 0 3 3 #=6
C 402 1 183 0
A 1550 630 10 0 3 3 #=5
I 397 ADI_Released:RNET_4SERIES 1 1900 1340 0 1 '
|R 21:26_1-29-09
A 1900 1280 10 0 3 0 COST=0.0078
A 1900 1290 10 0 3 0 ROHS=ROHS
A 1920 1340 10 0 3 3 PKG_TYPE=RNS005
A 1900 1300 10 0 3 0 TOLERANCE=5%
A 1900 1310 10 0 3 0 POWER=1/32W
A 1920 1350 10 0 3 3 VALUE=33
A 1900 1320 10 0 3 0 DESCRIPTION=SERIES
A 1900 1330 10 0 3 0 PRT_NUM=7000661
A 1920 1460 10 0 3 3 REFDES=RN17
C 456 2 139 0
A 1920 1400 10 0 9 3 #=3
C 455 2 140 0
A 1920 1380 10 0 9 3 #=4
C 457 2 138 0
A 1920 1420 10 0 9 3 #=2
C 458 2 137 0
A 1920 1440 10 0 9 3 #=1
C 465 2 180 0
A 1990 1440 10 0 3 3 #=8
C 466 2 181 0
A 1990 1420 10 0 3 3 #=7
C 467 2 182 0
A 1990 1400 10 0 3 3 #=6
C 468 2 183 0
A 1990 1380 10 0 3 3 #=5
N 399
Q 10 1 0
J 1460 690 2
J 1400 690 1
S 2 1
L 1420 690 10 0 3 0 1 0 D15
N 400
Q 10 1 0
J 1460 670 2
J 1400 670 1
S 2 1
L 1420 670 10 0 3 0 1 0 D14
N 401
Q 10 1 0
J 1460 650 2
J 1400 650 1
S 2 1
L 1420 650 10 0 3 0 1 0 D13
N 398
Q 10 1 0
J 1460 630 2
J 1400 630 1
S 2 1
L 1420 630 10 0 3 0 1 0 D12
N 408
Q 10 1 0
J 1460 940 2
J 1400 940 1
S 2 1
L 1420 940 10 0 3 0 1 0 D11
N 407
Q 10 1 0
J 1460 920 2
J 1400 920 1
S 2 1
L 1420 920 10 0 3 0 1 0 D10
N 409
Q 10 1 0
J 1460 900 2
J 1400 900 1
S 2 1
L 1420 900 10 0 3 0 1 0 D9
N 406
Q 10 1 0
J 1460 880 2
J 1400 880 1
S 2 1
L 1420 880 10 0 3 0 1 0 D8
N 423
Q 10 1 0
J 1570 1440 2
J 1620 1440 1
S 1 2
L 1610 1440 10 0 9 0 1 0 A19
N 424
Q 10 1 0
J 1570 1420 2
J 1620 1420 1
S 1 2
L 1610 1420 10 0 9 0 1 0 A18
I 396 ADI_Released:RNET_4SERIES 1 1900 1090 0 1 '
|R 21:26_1-29-09
A 1920 1210 10 0 3 3 REFDES=RN18
A 1900 1080 10 0 3 0 PRT_NUM=7000661
A 1900 1070 10 0 3 0 DESCRIPTION=SERIES
A 1920 1100 10 0 3 3 VALUE=33
A 1900 1060 10 0 3 0 POWER=1/32W
A 1900 1050 10 0 3 0 TOLERANCE=5%
A 1920 1090 10 0 3 3 PKG_TYPE=RNS005
A 1900 1040 10 0 3 0 ROHS=ROHS
A 1900 1030 10 0 3 0 COST=0.0078
C 476 1 183 0
A 1990 1130 10 0 3 3 #=5
C 473 2 182 0
A 1990 1150 10 0 3 3 #=6
C 474 1 181 0
A 1990 1170 10 0 3 3 #=7
C 475 2 180 0
A 1990 1190 10 0 3 3 #=8
C 472 2 137 0
A 1920 1190 10 0 9 3 #=1
C 471 1 138 0
A 1920 1170 10 0 9 3 #=2
C 469 1 140 0
A 1920 1130 10 0 9 3 #=4
C 470 2 139 0
A 1920 1150 10 0 9 3 #=3
N 431
Q 10 1 0
J 2010 940 2
J 2060 940 1
S 1 2
L 2050 940 10 0 9 0 1 0 A15
N 432
Q 10 1 0
J 2010 920 2
J 2060 920 1
S 1 2
L 2050 920 10 0 9 0 1 0 A14
N 430
Q 10 1 0
J 2010 900 2
J 2060 900 1
S 1 2
L 2050 900 10 0 9 0 1 0 A13
I 437 ADI_Released:RNET_4SERIES 1 1900 590 0 1 '
|R 21:26_1-29-09
A 1920 710 10 0 3 3 REFDES=RN20
A 1900 580 10 0 3 0 PRT_NUM=7000693
A 1900 570 10 0 3 0 DESCRIPTION=SERIES
A 1920 600 10 0 3 3 VALUE=22
A 1900 560 10 0 3 0 POWER=1/32W
A 1900 550 10 0 3 0 TOLERANCE=5%
A 1920 590 10 0 3 3 PKG_TYPE=RNS005
A 1900 540 10 0 3 0 ROHS=ROHS
A 1900 530 10 0 3 0 COST=0.0083
C 450 2 183 0
A 1990 630 10 0 3 3 #=5
C 449 2 182 0
A 1990 650 10 0 3 3 #=6
C 448 2 181 0
A 1990 670 10 0 3 3 #=7
C 447 2 180 0
A 1990 690 10 0 3 3 #=8
C 454 2 137 0
A 1920 690 10 0 9 3 #=1
C 453 2 138 0
A 1920 670 10 0 9 3 #=2
C 451 2 140 0
A 1920 630 10 0 9 3 #=4
C 452 2 139 0
A 1920 650 10 0 9 3 #=3
I 433 ADI_Released:RNET_4SERIES 1 1900 840 0 1 '
|R 21:26_1-29-09
A 1900 780 10 0 3 0 COST=0.0078
A 1900 790 10 0 3 0 ROHS=ROHS
A 1920 840 10 0 3 3 PKG_TYPE=RNS005
A 1900 800 10 0 3 0 TOLERANCE=5%
A 1900 810 10 0 3 0 POWER=1/32W
A 1920 850 10 0 3 3 VALUE=33
A 1900 820 10 0 3 0 DESCRIPTION=SERIES
A 1900 830 10 0 3 0 PRT_NUM=7000661
A 1920 960 10 0 3 3 REFDES=RN19
C 434 1 139 0
A 1920 900 10 0 9 3 #=3
X 140 0
A 1920 880 10 0 9 3 #=4
C 435 1 138 0
A 1920 920 10 0 9 3 #=2
C 436 1 137 0
A 1920 940 10 0 9 3 #=1
C 431 1 180 0
A 1990 940 10 0 3 3 #=8
C 432 1 181 0
A 1990 920 10 0 3 3 #=7
C 430 1 182 0
A 1990 900 10 0 3 3 #=6
X 183 0
A 1990 880 10 0 3 3 #=5
I 438 ADI_Released:RNET_4SERIES 1 1900 370 0 1 '
|R 21:26_1-29-09
A 1900 310 10 0 3 0 COST=0.0083
A 1900 320 10 0 3 0 ROHS=ROHS
A 1920 370 10 0 3 3 PKG_TYPE=RNS005
A 1900 330 10 0 3 0 TOLERANCE=5%
A 1900 340 10 0 3 0 POWER=1/32W
A 1920 380 10 0 3 3 VALUE=22
A 1900 350 10 0 3 0 DESCRIPTION=SERIES
A 1900 360 10 0 3 0 PRT_NUM=7000693
A 1920 490 10 0 3 3 REFDES=RN21
C 441 2 139 0
A 1920 430 10 0 9 3 #=3
C 442 2 140 0
A 1920 410 10 0 9 3 #=4
C 440 2 138 0
A 1920 450 10 0 9 3 #=2
C 439 2 137 0
A 1920 470 10 0 9 3 #=1
C 446 2 180 0
A 1990 470 10 0 3 3 #=8
C 445 2 181 0
A 1990 450 10 0 3 3 #=7
C 444 2 182 0
A 1990 430 10 0 3 3 #=6
C 443 2 183 0
A 1990 410 10 0 3 3 #=5
N 448
Q 10 1 0
J 2070 670 1
J 2010 670 2
S 2 1
L 2030 670 10 0 3 0 1 0 D10
I 459 ADI_Released:PORT_IN 1 1850 1420 0 1 '
C 457 1 1 0
N 458
J 1880 1440 2
J 1900 1440 2
S 1 2
L 1840 1440 10 0 8 0 1 0 SPI0_MOSI_Z
N 457
J 1880 1420 2
J 1900 1420 2
S 1 2
L 1840 1420 10 0 8 0 1 0 SPI0_MISO_Z
N 456
J 1880 1400 2
J 1900 1400 2
S 1 2
L 1840 1400 10 0 8 0 1 0 SPI0_SCK_Z
N 455
J 1880 1380 2
J 1900 1380 2
S 1 2
L 1840 1380 10 0 8 0 1 1 AMS2_Z
N 485
Q 10 1 0
J 80 1420 1
J 140 1420 2
S 1 2
L 100 1420 10 0 3 0 1 0 D3
N 486
Q 10 1 0
J 140 1440 2
J 80 1440 1
S 2 1
L 100 1440 10 0 3 0 1 0 D2
I 264 ADI_Released:RNET_4SERIES 1 140 1340 0 1 '
|R 21:26_1-29-09
A 140 1280 10 0 3 0 COST=0.0083
A 140 1290 10 0 3 0 ROHS=ROHS
A 160 1340 10 0 3 3 PKG_TYPE=RNS005
A 140 1300 10 0 3 0 TOLERANCE=5%
A 140 1310 10 0 3 0 POWER=1/32W
A 160 1350 10 0 3 3 VALUE=22
A 140 1320 10 0 3 0 DESCRIPTION=SERIES
A 140 1330 10 0 3 0 PRT_NUM=7000693
A 160 1460 10 0 3 3 REFDES=RN1
C 325 1 139 0
A 160 1400 10 0 9 3 #=3
C 324 1 140 0
A 160 1380 10 0 9 3 #=4
C 485 2 138 0
A 160 1420 10 0 9 3 #=2
C 486 1 137 0
A 160 1440 10 0 9 3 #=1
C 488 1 180 0
A 230 1440 10 0 3 3 #=8
C 487 2 181 0
A 230 1420 10 0 3 3 #=7
C 329 1 182 0
A 230 1400 10 0 3 3 #=6
C 328 1 183 0
A 230 1380 10 0 3 3 #=5
I 268 ADI_Released:RNET_4SERIES 1 580 1340 0 1 '
|R 21:26_1-29-09
A 600 1460 10 0 3 3 REFDES=RN5
A 580 1330 10 0 3 0 PRT_NUM=7000661
A 580 1320 10 0 3 0 DESCRIPTION=SERIES
A 600 1350 10 0 3 3 VALUE=33
A 580 1310 10 0 3 0 POWER=1/32W
A 580 1300 10 0 3 0 TOLERANCE=5%
A 600 1340 10 0 3 3 PKG_TYPE=RNS005
A 580 1290 10 0 3 0 ROHS=ROHS
A 580 1280 10 0 3 0 COST=0.0078
C 342 1 183 0
A 670 1380 10 0 3 3 #=5
C 341 1 182 0
A 670 1400 10 0 3 3 #=6
C 340 1 181 0
A 670 1420 10 0 3 3 #=7
C 343 2 180 0
A 670 1440 10 0 3 3 #=8
C 344 2 137 0
A 600 1440 10 0 9 3 #=1
C 345 1 138 0
A 600 1420 10 0 9 3 #=2
C 347 1 140 0
A 600 1380 10 0 9 3 #=4
C 346 1 139 0
A 600 1400 10 0 9 3 #=3
I 513 ADI_Released:RNET_4SERIES 1 140 840 0 1 '
|R 21:26_1-29-09
A 140 780 10 0 3 0 COST=0.0083
A 140 790 10 0 3 0 ROHS=ROHS
A 160 840 10 0 3 3 PKG_TYPE=RNS005
A 140 800 10 0 3 0 TOLERANCE=5%
A 140 810 10 0 3 0 POWER=1/32W
A 160 850 10 0 3 3 VALUE=22
A 140 820 10 0 3 0 DESCRIPTION=SERIES
A 140 830 10 0 3 0 PRT_NUM=7000693
A 160 960 10 0 3 3 REFDES=RN3
C 506 2 139 0
A 160 900 10 0 9 3 #=3
C 507 2 140 0
A 160 880 10 0 9 3 #=4
C 508 2 138 0
A 160 920 10 0 9 3 #=2
C 505 2 137 0
A 160 940 10 0 9 3 #=1
C 512 2 180 0
A 230 940 10 0 3 3 #=8
C 509 2 181 0
A 230 920 10 0 3 3 #=7
C 511 2 182 0
A 230 900 10 0 3 3 #=6
C 510 2 183 0
A 230 880 10 0 3 3 #=5
I 395 ADI_Released:RNET_4SERIES 1 1460 1340 0 1 '
|R 21:26_1-29-09
A 1480 1460 10 0 3 3 REFDES=RN13
A 1460 1330 10 0 3 0 PRT_NUM=7000661
A 1460 1320 10 0 3 0 DESCRIPTION=SERIES
A 1480 1350 10 0 3 3 VALUE=33
A 1460 1310 10 0 3 0 POWER=1/32W
A 1460 1300 10 0 3 0 TOLERANCE=5%
A 1480 1340 10 0 3 3 PKG_TYPE=RNS005
A 1460 1290 10 0 3 0 ROHS=ROHS
A 1460 1280 10 0 3 0 COST=0.0078
C 422 1 183 0
A 1550 1380 10 0 3 3 #=5
C 425 1 182 0
A 1550 1400 10 0 3 3 #=6
C 424 1 181 0
A 1550 1420 10 0 3 3 #=7
C 423 1 180 0
A 1550 1440 10 0 3 3 #=8
C 426 1 137 0
A 1480 1440 10 0 9 3 #=1
C 428 1 138 0
A 1480 1420 10 0 9 3 #=2
C 427 1 140 0
A 1480 1380 10 0 9 3 #=4
C 429 1 139 0
A 1480 1400 10 0 9 3 #=3
I 266 ADI_Released:RNET_4SERIES 1 1460 1090 0 1 '
|R 21:26_1-29-09
A 1460 1030 10 0 3 0 COST=0.0083
A 1460 1040 10 0 3 0 ROHS=ROHS
A 1480 1090 10 0 3 3 PKG_TYPE=RNS005
A 1460 1050 10 0 3 0 TOLERANCE=5%
A 1460 1060 10 0 3 0 POWER=1/32W
A 1480 1100 10 0 3 3 VALUE=22
A 1460 1070 10 0 3 0 DESCRIPTION=SERIES
A 1460 1080 10 0 3 0 PRT_NUM=7000693
A 1480 1210 10 0 3 3 REFDES=RN14
C 493 2 139 0
A 1480 1150 10 0 9 3 #=3
C 494 2 140 0
A 1480 1130 10 0 9 3 #=4
C 495 2 138 0
A 1480 1170 10 0 9 3 #=2
C 496 2 137 0
A 1480 1190 10 0 9 3 #=1
C 492 2 180 0
A 1550 1190 10 0 3 3 #=8
C 489 2 181 0
A 1550 1170 10 0 3 3 #=7
C 491 2 182 0
A 1550 1150 10 0 3 3 #=6
C 490 2 183 0
A 1550 1130 10 0 3 3 #=5
I 271 ADI_Released:RNET_4SERIES 1 580 590 0 1 '
|R 21:26_1-29-09
A 580 530 10 0 3 0 COST=0.0078
A 580 540 10 0 3 0 ROHS=ROHS
A 600 590 10 0 3 3 PKG_TYPE=RNS005
A 580 550 10 0 3 0 TOLERANCE=5%
A 580 560 10 0 3 0 POWER=1/32W
A 600 600 10 0 3 3 VALUE=33
A 580 570 10 0 3 0 DESCRIPTION=SERIES
A 580 580 10 0 3 0 PRT_NUM=7000661
A 600 710 10 0 3 3 REFDES=RN8
C 299 1 139 0
A 600 650 10 0 9 3 #=3
C 300 1 140 0
A 600 630 10 0 9 3 #=4
C 298 1 138 0
A 600 670 10 0 9 3 #=2
C 297 1 137 0
A 600 690 10 0 9 3 #=1
C 290 1 180 0
A 670 690 10 0 3 3 #=8
C 292 1 181 0
A 670 670 10 0 3 3 #=7
C 291 1 182 0
A 670 650 10 0 3 3 #=6
C 289 1 183 0
A 670 630 10 0 3 3 #=5
I 514 ADI_Released:MSC_MOUNTING_HOLE_NC 1 280 320 0 1 '
|R 14:27_5-11-09
A 280 380 10 0 3 0 PKG_TYPE=MSC004A
A 300 380 10 0 6 3 REFDES=MH1
I 515 ADI_Released:MSC_MOUNTING_HOLE_NC 1 320 320 0 1 '
|R 14:27_5-11-09
A 320 380 10 0 3 0 PKG_TYPE=MSC004A
A 340 380 10 0 6 3 REFDES=MH2
I 516 ADI_Released:MSC_MOUNTING_HOLE_NC 1 360 320 0 1 '
|R 14:27_5-11-09
A 360 380 10 0 3 0 PKG_TYPE=MSC004A
A 380 380 10 0 6 3 REFDES=MH3
I 517 ADI_Released:MSC_MOUNTING_HOLE_NC 1 400 320 0 1 '
|R 14:27_5-11-09
A 400 380 10 0 3 0 PKG_TYPE=MSC004A
A 420 380 10 0 6 3 REFDES=MH4
I 518 ADI_Released:MSC_MOUNTING_HOLE_NC 1 280 230 0 1 '
|R 14:27_5-11-09
A 280 290 10 0 3 0 PKG_TYPE=MSC004A
A 300 290 10 0 6 3 REFDES=MH5
I 519 ADI_Released:MSC_MOUNTING_HOLE_NC 1 320 230 0 1 '
|R 14:27_5-11-09
A 320 290 10 0 3 0 PKG_TYPE=MSC004A
A 340 290 10 0 6 3 REFDES=MH6
I 520 ADI_Released:MSC_MOUNTING_HOLE_NC 1 360 230 0 1 '
|R 14:27_5-11-09
A 360 290 10 0 3 0 PKG_TYPE=MSC004A
A 380 290 10 0 6 3 REFDES=MH7
I 521 ADI_Released:MSC_MOUNTING_HOLE_NC 1 400 230 0 1 '
|R 14:27_5-11-09
A 400 290 10 0 3 0 PKG_TYPE=MSC004A
A 420 290 10 0 6 3 REFDES=MH8
I 522 ADI_Released:MSC_MOUNTING_HOLE_NC 1 280 140 0 1 '
|R 14:27_5-11-09
A 280 200 10 0 3 0 PKG_TYPE=MSC004A
A 300 200 10 0 6 3 REFDES=MH9
I 523 ADI_Released:MSC_MOUNTING_HOLE_NC 1 320 140 0 1 '
|R 14:27_5-11-09
A 320 200 10 0 3 0 PKG_TYPE=MSC004A
A 340 200 10 0 6 3 REFDES=MH10
I 524 ADI_Released:MSC_MOUNTING_HOLE_NC 1 360 140 0 1 '
|R 14:27_5-11-09
A 360 200 10 0 3 0 PKG_TYPE=MSC004A
A 380 200 10 0 6 3 REFDES=MH11
I 525 ADI_Released:MSC_MOUNTING_HOLE_NC 1 400 140 0 1 '
|R 14:27_5-11-09
A 400 200 10 0 3 0 PKG_TYPE=MSC004A
A 420 200 10 0 6 3 REFDES=MH12
U 2120 50 15 0 2 3 @SHEETTOTAL=15
U 2050 50 15 0 2 3 @SHEET=15
U 1660 50 15 0 2 3 @DATETIME=5-14-2009_9:45
E
