V 53
K 149697956300 a0212_2007
F Case
Y 0
D 0 0 2200 1700
Z 2
i 699
N 699
J 1550 880 1
J 1580 880 2
S 1 2
L 1510 880 10 0 8 0 1 1 RESET
I 685 ADI_Released:PORT_IN 2 1760 1180 0 1 '
C 677 1 5 0
I 686 ADI_Released:PORT_IN 2 1760 1160 0 1 '
C 678 2 5 0
I 683 ADI_Released:PORT_IN 2 1760 1240 0 1 '
C 675 1 5 0
I 684 ADI_Released:PORT_IN 2 1760 1220 0 1 '
C 676 2 5 0
I 681 ADI_Released:PORT_IN 2 1760 1300 0 1 '
C 673 1 5 0
I 682 ADI_Released:PORT_IN 2 1760 1280 0 1 '
C 674 2 5 0
I 680 ADI_Released:PORT_IN 2 1760 1340 0 1 '
C 672 2 5 0
N 677
J 1760 1180 2
J 1720 1180 2
S 2 1
L 1800 1180 10 4 8 0 1 0 UART0_TX
N 678
J 1720 1160 2
J 1760 1160 2
S 1 2
L 1800 1160 10 4 8 0 1 0 UART0_RX
N 675
J 1760 1240 2
J 1720 1240 2
S 2 1
L 1800 1240 10 4 8 0 1 0 DT0PRI/SD_CMD
N 676
J 1720 1220 2
J 1760 1220 2
S 1 2
L 1800 1220 10 4 8 0 1 0 TSCLK0/SD_CLK
N 673
J 1760 1300 2
J 1720 1300 2
S 2 1
L 1800 1300 10 4 8 0 1 0 RFS0/SD_D2
N 674
J 1720 1280 2
J 1760 1280 2
S 1 2
L 1800 1280 10 4 8 0 1 0 TFS0/SD_D3
N 671
J 1760 1360 2
J 1720 1360 2
S 2 1
L 1800 1360 10 4 8 0 1 0 DR0PRI/SD_D0
N 672
J 1720 1340 2
J 1760 1340 2
S 1 2
L 1800 1340 10 4 8 0 1 0 RSCLK0/SD_D1
N 652
J 1540 960 2
J 1580 960 2
S 1 2
L 1500 960 10 4 2 0 1 0 RSCLK1/MMC_D6
N 653
J 1540 940 2
J 1580 940 2
S 1 2
L 1500 940 10 4 2 0 1 0 ADC_A0/LED1/MMC_D7/OTP_EN
N 650
J 1540 1020 2
J 1580 1020 2
S 1 2
L 1500 1020 10 4 2 0 1 0 PB1/DR1PRI/MMC_D4
N 651
J 1540 1000 2
J 1580 1000 2
S 1 2
L 1500 1000 10 4 2 0 1 0 PB2/RFS1/MMC_D5
N 648
J 1540 1120 2
J 1580 1120 2
S 1 2
L 1500 1120 10 4 2 0 1 0 CZM/ADC_A2/LED3
N 646
J 1580 1200 2
J 1540 1200 2
S 2 1
L 1500 1200 10 0 8 0 1 0 SPI0_MISO
N 647
J 1540 1180 2
J 1580 1180 2
S 1 2
L 1500 1180 10 0 8 0 1 0 SPI0_MOSI
N 645
J 1540 1260 2
J 1580 1260 2
S 1 2
L 1500 1260 10 0 8 0 1 0 SPI0_SCK
N 631
J 1540 1320 2
J 1580 1320 2
S 1 2
L 1500 1320 10 0 8 0 1 1 SPI0_SSEL1
N 630
J 1580 1360 2
J 1540 1360 2
S 2 1
L 1500 1360 10 0 8 0 1 0 MDIO
N 629
J 1540 1380 2
J 1580 1380 2
S 1 2
L 1500 1380 10 0 8 0 1 0 MDC
N 147
Q 7 1 0
J 1580 1340 2
J 1560 1340 3
J 1580 1280 2
J 1560 1280 5
J 1580 1240 2
J 1560 1240 5
J 1580 1220 2
J 1560 1220 5
J 1580 1160 2
J 1560 1160 5
J 1580 1100 2
J 1560 1100 5
J 1580 1040 2
J 1560 1040 5
J 1580 980 2
J 1560 980 5
J 1580 920 2
J 1560 920 5
J 1580 860 2
J 1560 860 5
J 1560 800 2
S 16 14
S 20 18
S 14 12
S 12 10
S 10 8
S 8 6
S 6 4
S 4 2
S 18 16
S 21 20
S 20 19
S 18 17
S 16 15
S 14 13
S 12 11
S 10 9
S 8 7
S 6 5
S 4 3
S 2 1
N 627
J 1150 860 2
J 1110 860 2
S 2 1
L 1190 860 10 4 8 0 1 0 COL
N 626
J 1110 880 2
J 1150 880 2
S 1 2
L 1190 880 10 4 8 0 1 0 RMII_PHYINT
N 625
J 1150 920 2
J 1110 920 2
S 2 1
L 1190 920 10 4 8 0 1 0 MIICRS/HWAIT
N 624
J 1150 940 2
J 1110 940 2
S 2 1
L 1190 940 10 4 8 0 1 0 MIITXCLK
N 623
J 1150 1060 2
J 1110 1060 2
S 2 1
L 1190 1060 10 4 8 0 1 0 ERXER
N 622
J 1150 1120 2
J 1110 1120 2
S 2 1
L 1190 1120 10 4 8 0 1 0 ETXEN
N 619
J 1150 1160 2
J 1110 1160 2
S 2 1
L 1190 1160 10 4 8 0 1 0 ERXD3
N 618
J 1150 1180 2
J 1110 1180 2
S 2 1
L 1190 1180 10 4 8 0 1 0 ERXD2
N 617
J 1150 1220 2
J 1110 1220 2
S 2 1
L 1190 1220 10 4 8 0 1 0 ERXD1
N 320
Q 7 1 0
J 1110 1080 2
J 1110 1140 2
J 1110 1200 2
J 1110 1260 2
J 1110 1320 2
J 1110 1380 2
J 1130 1380 3
J 1130 1320 5
J 1130 1260 5
J 1130 1200 5
J 1130 1140 5
J 1130 1080 5
J 1110 1000 2
J 1110 900 2
J 1130 800 2
J 1130 900 5
J 1110 960 2
J 1130 960 5
J 1130 1000 5
J 1130 1020 5
J 1110 1020 2
S 21 20
S 19 20
S 18 19
S 17 18
S 16 18
S 15 16
S 14 16
S 13 19
S 20 12
S 12 11
S 11 10
S 9 8
S 8 7
S 6 7
S 5 8
S 4 9
S 3 10
S 2 11
S 1 12
S 10 9
N 614
J 1110 1240 2
J 1150 1240 2
S 1 2
L 1190 1240 10 4 8 0 1 0 ERXD0
N 611
J 1150 1280 2
J 1110 1280 2
S 2 1
L 1190 1280 10 4 8 0 1 0 ETXD3
N 610
J 1150 1300 2
J 1110 1300 2
S 2 1
L 1190 1300 10 4 8 0 1 0 ETXD2
N 609
J 1150 1340 2
J 1110 1340 2
S 2 1
L 1190 1340 10 4 8 0 1 0 ETXD1
N 608
J 1150 1360 2
J 1110 1360 2
S 2 1
L 1190 1360 10 4 8 0 1 0 ETXD0
N 601
J 1150 980 2
J 1110 980 2
S 2 1
L 1190 980 10 4 8 0 1 0 ERXCLK
I 323 ADI_Released:PWR_DGND 1 930 760 0 1 '
|R 22:03_1-30-09
C 322 10 1 0
I 324 ADI_Released:PWR_DGND 1 1110 760 0 1 '
|R 22:03_1-30-09
C 320 15 1 0
I 282 ADI_Released:PORT_IN 1 1510 1260 0 1 '
C 645 1 1 0
I 280 ADI_Released:PORT_IN 1 1510 960 0 1 '
C 652 1 1 0
I 278 ADI_Released:PORT_IN 1 1510 1020 0 1 '
C 650 1 1 0
I 1 CSHEET 1 0 0 0 1 '
|R 20:56_2-24-09
A 1690 40 15 0 3 3 @DATETIME=5-14-2009_9:45
A 2120 40 15 0 3 3 @SHEETTOTAL=16
A 2060 40 15 0 3 3 @SHEET=10
A 1871 125 24 0 5 3 PDF_TITLE=LOGIC ANALYZER CONN
I 124 ADI_Released:PORT_IN 1 230 1260 0 1 '
C 123 1 1 0
I 203 ADI_Released:PORT_IN 1 1510 940 0 1 '
C 653 1 1 0
I 272 ADI_Released:PORT_IN 1 1510 1180 0 1 '
C 647 1 1 0
I 273 ADI_Released:PORT_IN 1 1510 1200 0 1 '
C 646 2 1 0
I 275 ADI_Released:PORT_IN 1 1510 1320 0 1 '
C 631 1 1 0
I 276 ADI_Released:PORT_IN 1 1510 1360 0 1 '
C 630 2 1 0
I 277 ADI_Released:PORT_IN 1 1510 1380 0 1 '
C 629 1 1 0
I 204 ADI_Released:PORT_IN 1 1510 1000 0 1 '
C 651 1 1 0
I 148 ADI_Released:PWR_DGND 1 1540 760 0 1 '
|R 22:03_1-30-09
C 147 21 1 0
I 150 ADI_Released:PWR_DGND 1 1720 760 0 1 '
|R 22:03_1-30-09
C 149 3 1 0
I 128 ADI_Released:PORT_IN 1 220 1440 0 1 '
C 5 5 1 0
N 113
Q 7 1 0
J 520 780 2
J 520 1020 5
J 520 960 5
J 520 1380 3
J 520 1320 5
J 520 1260 5
J 520 1200 5
J 520 1140 5
J 520 1080 5
J 520 1000 5
J 520 900 5
J 500 900 2
J 500 1000 2
J 500 1080 2
J 500 1140 2
J 500 1200 2
J 500 1260 2
J 500 1320 2
J 500 1380 2
J 500 960 2
J 500 1020 2
S 1 11
S 7 6
S 21 2
S 10 2
S 20 3
S 11 3
S 5 4
S 19 4
S 6 5
S 18 5
S 17 6
S 8 7
S 16 7
S 9 8
S 15 8
S 14 9
S 3 10
S 13 10
S 12 11
S 2 9
I 325 ADI_Released:PORT_IN 1 820 1380 0 1 '
C 28 2 1 0
N 322
Q 7 1 0
J 970 1280 2
J 970 1240 2
J 970 1220 2
J 970 1160 2
J 970 1100 2
J 970 1040 2
J 970 980 2
J 970 920 2
J 970 860 2
J 950 800 2
J 950 860 5
J 950 920 5
J 950 980 5
J 950 1040 5
J 950 1100 5
J 950 1160 5
J 950 1220 5
J 950 1240 5
J 950 1280 5
J 950 1340 3
J 970 1340 2
S 20 21
S 19 20
S 18 19
S 17 18
S 16 17
S 15 16
S 14 15
S 13 14
S 12 13
S 11 12
S 10 11
S 11 9
S 12 8
S 13 7
S 14 6
S 15 5
S 16 4
S 17 3
S 18 2
S 19 1
N 28
Q 10 1 0
J 880 1380 11
J 850 1380 8
J 970 1360 2
J 970 1380 2
J 880 1360 11
J 970 1300 2
J 970 1200 2
J 970 1180 2
J 970 1140 2
J 970 1120 2
J 970 1080 2
J 970 1060 2
J 970 1000 2
J 970 960 2
J 970 940 2
J 970 900 2
J 970 880 2
J 880 880 9
J 880 900 11
J 880 940 11
J 880 960 11
J 880 1000 11
J 970 1020 2
J 880 1020 11
J 880 1060 11
J 880 1080 11
J 880 1120 11
J 880 1140 11
J 880 1180 11
J 880 1200 11
J 880 1300 11
J 880 1320 11
J 970 1320 2
S 18 17
L 900 880 10 0 3 0 1 0 D15
S 19 16
L 900 900 10 0 3 0 1 0 D14
S 20 15
L 900 940 10 0 3 0 1 0 D13
S 21 14
L 900 960 10 0 3 0 1 0 D12
S 22 13
L 900 1000 10 0 3 0 1 0 D11
S 24 23
L 900 1020 10 0 3 0 1 0 D10
S 25 12
L 900 1060 10 0 3 0 1 0 D9
S 26 11
L 900 1080 10 0 3 0 1 0 D8
S 27 10
L 900 1120 10 0 3 0 1 0 D7
S 28 9
L 900 1140 10 0 3 0 1 0 D6
S 29 8
L 900 1180 10 0 3 0 1 0 D5
S 30 7
L 900 1200 10 0 3 0 1 0 D4
S 31 6
L 900 1300 10 0 3 0 1 0 D3
S 32 33
L 900 1320 10 0 3 0 1 0 D2
S 5 3
L 900 1360 10 0 3 0 1 0 D1
S 1 4
L 900 1380 10 0 3 0 1 0 D0
B 2 1
L 780 1380 10 0 2 0 1 0 D[0:15]
B 5 1
B 32 5
B 18 19
B 19 20
B 20 21
B 21 22
B 22 24
B 24 25
B 25 26
B 26 27
B 27 28
B 28 29
B 29 30
B 31 32
B 30 31
N 123
Q 11 1 0
J 260 1260 2
J 360 1260 2
S 1 2
L 220 1259 10 0 8 0 1 0 CLKOUT
N 381
J 500 940 2
J 540 940 2
S 1 2
L 580 940 10 0 2 0 1 0 SA10
I 382 ADI_Released:PORT_IN 2 540 940 0 1 '
C 381 2 5 0
N 399
J 540 980 2
J 500 980 2
S 2 1
L 580 979 10 0 2 0 1 1 AWE
I 400 ADI_Released:PORT_IN 2 540 980 0 1 '
C 399 1 5 0
N 389
J 540 1040 2
J 500 1040 2
S 2 1
L 580 1040 10 0 2 0 1 1 SRAS
I 390 ADI_Released:PORT_IN 2 540 1040 0 1 '
C 389 1 5 0
N 385
J 540 1060 2
J 500 1060 2
S 2 1
L 580 1060 10 0 2 0 1 1 SWE
I 386 ADI_Released:PORT_IN 2 540 1060 0 1 '
C 385 1 5 0
I 392 ADI_Released:PORT_IN 2 540 1100 0 1 '
C 391 1 5 0
N 391
J 540 1100 2
J 500 1100 2
S 2 1
L 580 1100 10 0 2 0 1 1 SMS
N 383
J 540 1160 2
J 500 1160 2
S 2 1
L 580 1160 10 0 2 0 1 0 SCKE
I 384 ADI_Released:PORT_IN 2 540 1160 0 1 '
C 383 1 5 0
I 388 ADI_Released:PORT_IN 2 540 1180 0 1 '
C 387 1 5 0
N 387
J 540 1180 2
J 500 1180 2
S 2 1
L 580 1180 10 0 2 0 1 1 SCAS
N 403
J 500 1240 2
J 540 1240 2
S 1 2
L 580 1239 10 0 2 0 1 1 AMS2
I 404 ADI_Released:PORT_IN 2 540 1240 0 1 '
C 403 2 5 0
N 395
J 500 1280 2
J 540 1280 2
S 1 2
L 580 1279 10 0 2 0 1 1 ARE
I 396 ADI_Released:PORT_IN 2 540 1280 0 1 '
C 395 2 5 0
N 401
J 500 1300 2
J 540 1300 2
S 1 2
L 580 1299 10 0 2 0 1 1 AMS3/SPI0_SEL2
I 402 ADI_Released:PORT_IN 2 540 1300 0 1 '
C 401 2 5 0
N 405
J 500 1340 2
J 540 1340 2
S 1 2
L 580 1339 10 0 2 0 1 1 AMS1
I 406 ADI_Released:PORT_IN 2 540 1340 0 1 '
C 405 2 5 0
N 408
J 500 1360 2
J 540 1360 2
S 1 2
L 580 1359 10 0 2 0 1 1 AMS0
I 407 ADI_Released:PORT_IN 2 540 1360 0 1 '
C 408 2 5 0
I 458 ADI_Released:PORT_IN 2 1150 1240 0 1 '
C 614 2 5 0
I 457 ADI_Released:PORT_IN 2 1150 1220 0 1 '
C 617 1 5 0
I 460 ADI_Released:PORT_IN 2 1150 1180 0 1 '
C 618 1 5 0
I 463 ADI_Released:PORT_IN 2 1150 1160 0 1 '
C 619 1 5 0
I 477 ADI_Released:PORT_IN 2 1150 940 0 1 '
C 624 1 5 0
N 149
Q 7 1 0
J 1720 1020 2
J 1720 960 2
J 1740 800 2
J 1720 900 2
J 1740 900 5
J 1740 960 5
J 1720 1000 2
J 1740 1000 5
J 1720 1380 2
J 1740 1380 3
J 1720 1320 2
J 1740 1320 5
J 1720 1260 2
J 1740 1260 5
J 1720 1200 2
J 1740 1200 5
J 1720 1140 2
J 1740 1140 5
J 1720 1080 2
J 1740 1080 5
J 1740 1020 5
S 21 20
S 19 20
S 20 18
S 17 18
S 18 16
S 15 16
S 16 14
S 13 14
S 14 12
S 11 12
S 9 10
S 8 21
S 7 8
S 6 8
S 5 6
S 4 5
S 2 6
S 1 21
S 12 10
S 3 5
I 102 ADI_Released:PWR_DGND 1 320 740 0 1 '
|R 22:03_1-30-09
C 101 1 1 0
I 114 ADI_Released:PWR_DGND 1 500 740 0 1 '
|R 22:03_1-30-09
C 113 1 1 0
N 101
Q 7 1 0
J 340 780 2
J 340 1340 3
J 340 1280 5
J 340 1240 5
J 340 1220 5
J 340 1160 5
J 340 1100 5
J 340 1040 5
J 340 980 5
J 340 920 5
J 340 860 5
J 360 860 2
J 360 920 2
J 360 980 2
J 360 1040 2
J 360 1100 2
J 360 1160 2
J 360 1220 2
J 360 1240 2
J 360 1280 2
J 360 1340 2
S 3 2
S 2 21
S 4 3
S 3 20
S 5 4
S 4 19
S 6 5
S 5 18
S 7 6
S 6 17
S 8 7
S 7 16
S 9 8
S 8 15
S 10 9
S 9 14
S 11 10
S 10 13
S 11 12
S 1 11
N 5
Q 10 1 0
J 570 880 11
J 570 860 11
J 290 800 9
J 570 800 9
J 250 1440 8
J 290 1440 9
J 360 1380 2
J 290 1380 11
J 360 1360 2
J 290 1360 11
J 360 1320 2
J 290 1320 11
J 360 1300 2
J 290 1300 11
J 360 1200 2
J 290 1200 11
J 360 1180 2
J 290 1180 11
J 360 1140 2
J 290 1140 11
J 360 1120 2
J 290 1120 11
J 360 1060 2
J 360 960 2
J 360 880 2
J 290 880 11
J 360 900 2
J 290 900 11
J 360 940 2
J 290 940 11
J 290 960 11
J 360 1000 2
J 290 1000 11
J 360 1020 2
J 290 1020 11
J 290 1060 11
J 290 1080 11
J 360 1080 2
J 570 920 9
J 500 920 2
J 500 860 2
J 500 880 2
B 2 1
B 4 2
B 1 39
B 3 26
B 5 6
L 210 1440 10 0 8 0 1 0 A[1:19]
B 8 6
S 8 7
L 330 1380 10 0 9 0 1 0 A1
B 10 8
S 10 9
L 330 1360 10 0 9 0 1 0 A2
B 12 10
S 12 11
L 330 1320 10 0 9 0 1 0 A3
B 14 12
S 14 13
L 330 1300 10 0 9 0 1 0 A4
B 16 14
S 16 15
L 330 1200 10 0 9 0 1 0 A5
B 18 16
S 18 17
L 330 1180 10 0 9 0 1 0 A6
B 20 18
S 20 19
L 330 1140 10 0 9 0 1 0 A7
B 22 20
S 22 21
L 330 1120 10 0 9 0 1 0 A8
B 37 22
S 36 23
L 330 1060 10 0 9 0 1 0 A10
S 31 24
L 330 960 10 0 9 0 1 0 A13
S 26 25
L 330 880 10 0 9 0 1 0 A16
B 26 28
S 28 27
L 330 900 10 0 9 0 1 0 A15
B 28 30
S 30 29
L 330 940 10 0 9 0 1 0 A14
B 30 31
B 31 33
S 33 32
L 330 1000 10 0 9 0 1 0 A12
B 33 35
S 35 34
L 330 1020 10 0 9 0 1 0 A11
B 35 36
B 36 37
S 37 38
L 330 1080 10 0 9 0 1 0 A9
S 40 39
L 540 920 10 0 3 0 1 0 A17
S 41 2
L 540 860 10 0 3 0 1 0 A18
S 42 1
L 540 880 10 0 3 0 1 0 A19
B 3 4
I 475 ADI_Released:PORT_IN 2 1150 980 0 1 '
C 601 1 5 0
I 451 ADI_Released:PORT_IN 2 1150 1360 0 1 '
C 608 1 5 0
I 449 ADI_Released:PORT_IN 2 1150 1340 0 1 '
C 609 1 5 0
I 455 ADI_Released:PORT_IN 2 1150 1300 0 1 '
C 610 1 5 0
I 453 ADI_Released:PORT_IN 2 1150 1280 0 1 '
C 611 1 5 0
I 471 ADI_Released:PORT_IN 2 1150 1120 0 1 '
C 622 1 5 0
N 621
J 1110 1100 2
J 1150 1100 2
S 1 2
L 1190 1100 10 4 8 0 1 0 ERXDV
I 465 ADI_Released:PORT_IN 2 1150 1100 0 1 '
C 621 2 5 0
I 480 ADI_Released:PORT_IN 2 1150 1060 0 1 '
C 623 1 5 0
I 473 ADI_Released:PORT_IN 2 1150 920 0 1 '
C 625 1 5 0
I 469 ADI_Released:PORT_IN 2 1150 880 0 1 '
C 626 2 5 0
I 467 ADI_Released:PORT_IN 2 1150 860 0 1 '
C 627 1 5 0
N 583
J 1540 1060 2
J 1580 1060 2
S 1 2
L 1500 1060 10 0 8 0 1 0 SDA
N 644
J 1540 1300 2
J 1580 1300 2
S 1 2
L 1500 1300 10 4 2 0 1 0 CUD/SD_CD
I 274 ADI_Released:PORT_IN 1 1510 1300 0 1 '
C 644 1 1 0
N 649
J 1540 1140 2
J 1580 1140 2
S 1 2
L 1500 1140 10 4 2 0 1 0 CDG/ADC_A1/LED2
I 271 ADI_Released:PORT_IN 1 1510 1140 0 1 '
C 649 1 1 0
I 270 ADI_Released:PORT_IN 1 1510 1120 0 1 '
C 648 1 1 0
N 632
J 1540 1080 2
J 1580 1080 2
S 1 2
L 1500 1080 10 0 8 0 1 0 SCL
I 269 ADI_Released:PORT_IN 1 1510 1080 0 1 '
C 632 1 1 0
I 227 ADI_Released:PORT_IN 1 1510 1060 0 1 '
C 583 1 1 0
N 654
J 1540 900 2
J 1580 900 2
S 1 2
L 1500 900 10 4 2 0 1 0 DR1SEC
I 279 ADI_Released:PORT_IN 1 1510 900 0 1 '
C 654 1 1 0
I 679 ADI_Released:PORT_IN 2 1760 1360 0 1 '
C 671 1 5 0
N 694
Q 11 1 0
J 830 1260 1
J 970 1260 2
S 1 2
L 820 1260 10 0 8 0 1 0 CLKBUF
I 4 ADI_Released:CON_DMAX 1 360 840 0 1 '
|R 21:41_1-29-09
A 360 830 10 0 3 0 COST=14.25
A 380 830 10 0 3 3 CLASS=DNP
A 360 810 10 0 3 0 PRT_NUM=6000855
A 380 840 10 0 3 0 DESCRIPTION=SHROUD
A 360 820 10 0 3 0 TYPE=DMAX
A 360 820 10 0 3 0 CONFIGURATION=LAND_GRID
A 380 840 10 0 3 3 PKG_TYPE=DMAX_ALT
A 360 830 10 0 3 0 ROHS=ROHS
A 380 1400 10 0 3 3 REFDES=P5
C 381 1 126 0
A 480 940 10 0 3 3 #=B23
C 5 40 127 0
A 480 920 10 0 3 3 #=B24
C 113 12 128 0
A 480 900 10 0 3 3 #=B25
C 5 42 139 0
A 480 880 10 4 9 3 #=B26
C 5 41 190 0
A 480 860 10 4 9 3 #=B27
C 113 20 125 0
A 480 960 10 0 3 3 #=B22
C 399 2 124 0
A 480 980 10 0 3 3 #=B21
C 113 13 123 0
A 480 1000 10 0 3 3 #=B20
C 113 21 122 0
A 480 1020 10 0 3 3 #=B19
C 389 2 72 0
A 480 1040 10 0 3 3 #=B18
C 385 2 69 0
A 480 1060 10 0 3 3 #=B17
C 113 14 68 0
A 480 1080 10 0 3 3 #=B16
C 391 2 66 0
A 480 1100 10 0 3 3 #=B15
C 698 1 65 0
A 480 1120 10 0 3 3 #=B14
C 113 15 62 0
A 480 1140 10 0 3 3 #=B13
C 383 2 61 0
A 480 1160 10 0 3 3 #=B12
C 387 2 60 0
A 480 1180 10 0 3 3 #=B11
C 113 16 59 0
A 480 1200 10 0 3 3 #=B10
C 697 1 58 0
A 480 1220 10 0 3 3 #=B9
C 403 1 57 0
A 480 1240 10 0 3 3 #=B8
C 113 17 29 0
A 480 1260 10 0 3 3 #=B7
C 101 12 140 0
A 380 860 10 0 9 3 #=A27
C 5 25 138 0
A 380 880 10 0 9 3 #=A26
C 5 27 121 0
A 380 900 10 0 9 3 #=A25
C 101 13 78 0
A 380 920 10 0 9 3 #=A24
C 5 29 77 0
A 380 940 10 0 9 3 #=A23
C 5 24 76 0
A 380 960 10 0 9 3 #=A22
C 101 14 75 0
A 380 980 10 0 9 3 #=A21
C 5 32 74 0
A 380 1000 10 0 9 3 #=A20
C 5 34 73 0
A 380 1020 10 0 9 3 #=A19
C 101 15 71 0
A 380 1040 10 0 9 3 #=A18
C 5 23 70 0
A 380 1060 10 0 9 3 #=A17
C 5 38 67 0
A 380 1080 10 0 9 3 #=A16
C 101 16 64 0
A 380 1100 10 0 9 3 #=A15
C 5 21 63 0
A 380 1120 10 0 9 3 #=A14
C 5 19 56 0
A 380 1140 10 0 9 3 #=A13
C 101 17 55 0
A 380 1160 10 0 9 3 #=A12
C 5 17 54 0
A 380 1180 10 0 9 3 #=A11
C 5 15 53 0
A 380 1200 10 0 9 3 #=A10
C 101 18 52 0
A 380 1220 10 0 9 3 #=A9
C 101 19 51 0
A 380 1240 10 0 9 3 #=A8
C 123 2 46 0
A 380 1260 10 0 9 3 #=A7
C 101 20 47 0
A 380 1280 10 0 9 3 #=A6
C 5 13 45 0
A 380 1300 10 0 9 3 #=A5
C 5 11 41 0
A 380 1320 10 0 9 3 #=A4
C 5 9 43 0
A 380 1360 10 0 9 3 #=A2
C 101 21 42 0
A 380 1340 10 0 9 3 #=A3
C 5 7 44 0
A 380 1380 10 0 9 3 #=A1
C 395 1 30 0
A 480 1280 10 0 3 3 #=B6
C 401 1 32 0
A 480 1300 10 0 3 3 #=B5
C 113 18 31 0
A 480 1320 10 0 3 3 #=B4
C 405 1 33 0
A 480 1340 10 0 3 3 #=B3
C 408 1 35 0
A 480 1360 10 0 3 3 #=B2
C 113 19 34 0
A 480 1380 10 0 3 3 #=B1
I 146 ADI_Released:CON_DMAX 1 1580 840 0 1 '
|R 21:41_1-29-09
A 1580 830 10 0 3 0 COST=14.25
A 1600 830 10 0 3 3 CLASS=DNP
A 1580 810 10 0 3 0 PRT_NUM=6000855
A 1600 840 10 0 3 0 DESCRIPTION=SHROUD
A 1580 820 10 0 3 0 TYPE=DMAX
A 1580 820 10 0 3 0 CONFIGURATION=LAND_GRID
A 1600 840 10 0 3 3 PKG_TYPE=DMAX_ALT
A 1580 830 10 0 3 0 ROHS=ROHS
A 1600 1400 10 0 3 3 REFDES=P7
X 126 0
A 1700 940 10 0 3 3 #=B23
X 127 0
A 1700 920 10 0 3 3 #=B24
C 149 4 128 0
A 1700 900 10 0 3 3 #=B25
X 139 0
A 1700 880 10 4 9 3 #=B26
X 190 0
A 1700 860 10 4 9 3 #=B27
C 149 2 125 0
A 1700 960 10 0 3 3 #=B22
X 124 0
A 1700 980 10 0 3 3 #=B21
C 149 7 123 0
A 1700 1000 10 0 3 3 #=B20
C 149 1 122 0
A 1700 1020 10 0 3 3 #=B19
X 72 0
A 1700 1040 10 0 3 3 #=B18
X 69 0
A 1700 1060 10 0 3 3 #=B17
C 149 19 68 0
A 1700 1080 10 0 3 3 #=B16
X 66 0
A 1700 1100 10 0 3 3 #=B15
X 65 0
A 1700 1120 10 0 3 3 #=B14
C 149 17 62 0
A 1700 1140 10 0 3 3 #=B13
C 678 1 61 0
A 1700 1160 10 0 3 3 #=B12
C 677 2 60 0
A 1700 1180 10 0 3 3 #=B11
C 149 15 59 0
A 1700 1200 10 0 3 3 #=B10
C 676 1 58 0
A 1700 1220 10 0 3 3 #=B9
C 675 2 57 0
A 1700 1240 10 0 3 3 #=B8
C 149 13 29 0
A 1700 1260 10 0 3 3 #=B7
C 147 19 140 0
A 1600 860 10 0 9 3 #=A27
C 699 2 138 0
A 1600 880 10 0 9 3 #=A26
C 654 2 121 0
A 1600 900 10 0 9 3 #=A25
C 147 17 78 0
A 1600 920 10 0 9 3 #=A24
C 653 2 77 0
A 1600 940 10 0 9 3 #=A23
C 652 2 76 0
A 1600 960 10 0 9 3 #=A22
C 147 15 75 0
A 1600 980 10 0 9 3 #=A21
C 651 2 74 0
A 1600 1000 10 0 9 3 #=A20
C 650 2 73 0
A 1600 1020 10 0 9 3 #=A19
C 147 13 71 0
A 1600 1040 10 0 9 3 #=A18
C 583 2 70 0
A 1600 1060 10 0 9 3 #=A17
C 632 2 67 0
A 1600 1080 10 0 9 3 #=A16
C 147 11 64 0
A 1600 1100 10 0 9 3 #=A15
C 648 2 63 0
A 1600 1120 10 0 9 3 #=A14
C 649 2 56 0
A 1600 1140 10 0 9 3 #=A13
C 147 9 55 0
A 1600 1160 10 0 9 3 #=A12
C 647 2 54 0
A 1600 1180 10 0 9 3 #=A11
C 646 1 53 0
A 1600 1200 10 0 9 3 #=A10
C 147 7 52 0
A 1600 1220 10 0 9 3 #=A9
C 147 5 51 0
A 1600 1240 10 0 9 3 #=A8
C 645 2 46 0
A 1600 1260 10 0 9 3 #=A7
C 147 3 47 0
A 1600 1280 10 0 9 3 #=A6
C 644 2 45 0
A 1600 1300 10 0 9 3 #=A5
C 631 2 41 0
A 1600 1320 10 0 9 3 #=A4
C 630 1 43 0
A 1600 1360 10 0 9 3 #=A2
C 147 1 42 0
A 1600 1340 10 0 9 3 #=A3
C 629 2 44 0
A 1600 1380 10 0 9 3 #=A1
C 674 1 30 0
A 1700 1280 10 0 3 3 #=B6
C 673 2 32 0
A 1700 1300 10 0 3 3 #=B5
C 149 11 31 0
A 1700 1320 10 0 3 3 #=B4
C 672 1 33 0
A 1700 1340 10 0 3 3 #=B3
C 671 2 35 0
A 1700 1360 10 0 3 3 #=B2
C 149 9 34 0
A 1700 1380 10 0 3 3 #=B1
I 321 ADI_Released:CON_DMAX 1 970 840 0 1 '
|R 21:41_1-29-09
A 970 830 10 0 3 0 COST=14.25
A 990 830 10 0 3 3 CLASS=DNP
A 970 810 10 0 3 0 PRT_NUM=6000855
A 990 840 10 0 3 0 DESCRIPTION=SHROUD
A 970 820 10 0 3 0 TYPE=DMAX
A 970 820 10 0 3 0 CONFIGURATION=LAND_GRID
A 990 840 10 0 3 3 PKG_TYPE=DMAX_ALT
A 970 830 10 0 3 0 ROHS=ROHS
A 990 1400 10 0 3 3 REFDES=P6
C 624 2 126 0
A 1090 940 10 0 3 3 #=B23
C 625 2 127 0
A 1090 920 10 0 3 3 #=B24
C 320 14 128 0
A 1090 900 10 0 3 3 #=B25
C 626 1 139 0
A 1090 880 10 4 9 3 #=B26
C 627 2 190 0
A 1090 860 10 4 9 3 #=B27
C 320 17 125 0
A 1090 960 10 0 3 3 #=B22
C 601 2 124 0
A 1090 980 10 0 3 3 #=B21
C 320 13 123 0
A 1090 1000 10 0 3 3 #=B20
C 320 21 122 0
A 1090 1020 10 0 3 3 #=B19
X 72 0
A 1090 1040 10 0 3 3 #=B18
C 623 2 69 0
A 1090 1060 10 0 3 3 #=B17
C 320 1 68 0
A 1090 1080 10 0 3 3 #=B16
C 621 1 66 0
A 1090 1100 10 0 3 3 #=B15
C 622 2 65 0
A 1090 1120 10 0 3 3 #=B14
C 320 2 62 0
A 1090 1140 10 0 3 3 #=B13
C 619 2 61 0
A 1090 1160 10 0 3 3 #=B12
C 618 2 60 0
A 1090 1180 10 0 3 3 #=B11
C 320 3 59 0
A 1090 1200 10 0 3 3 #=B10
C 617 2 58 0
A 1090 1220 10 0 3 3 #=B9
C 614 1 57 0
A 1090 1240 10 0 3 3 #=B8
C 320 4 29 0
A 1090 1260 10 0 3 3 #=B7
C 322 9 140 0
A 990 860 10 0 9 3 #=A27
C 28 17 138 0
A 990 880 10 0 9 3 #=A26
C 28 16 121 0
A 990 900 10 0 9 3 #=A25
C 322 8 78 0
A 990 920 10 0 9 3 #=A24
C 28 15 77 0
A 990 940 10 0 9 3 #=A23
C 28 14 76 0
A 990 960 10 0 9 3 #=A22
C 322 7 75 0
A 990 980 10 0 9 3 #=A21
C 28 13 74 0
A 990 1000 10 0 9 3 #=A20
C 28 23 73 0
A 990 1020 10 0 9 3 #=A19
C 322 6 71 0
A 990 1040 10 0 9 3 #=A18
C 28 12 70 0
A 990 1060 10 0 9 3 #=A17
C 28 11 67 0
A 990 1080 10 0 9 3 #=A16
C 322 5 64 0
A 990 1100 10 0 9 3 #=A15
C 28 10 63 0
A 990 1120 10 0 9 3 #=A14
C 28 9 56 0
A 990 1140 10 0 9 3 #=A13
C 322 4 55 0
A 990 1160 10 0 9 3 #=A12
C 28 8 54 0
A 990 1180 10 0 9 3 #=A11
C 28 7 53 0
A 990 1200 10 0 9 3 #=A10
C 322 3 52 0
A 990 1220 10 0 9 3 #=A9
C 322 2 51 0
A 990 1240 10 0 9 3 #=A8
C 694 2 46 0
A 990 1260 10 0 9 3 #=A7
C 322 1 47 0
A 990 1280 10 0 9 3 #=A6
C 28 6 45 0
A 990 1300 10 0 9 3 #=A5
C 28 33 41 0
A 990 1320 10 0 9 3 #=A4
C 28 3 43 0
A 990 1360 10 0 9 3 #=A2
C 322 21 42 0
A 990 1340 10 0 9 3 #=A3
C 28 4 44 0
A 990 1380 10 0 9 3 #=A1
C 611 2 30 0
A 1090 1280 10 0 3 3 #=B6
C 610 2 32 0
A 1090 1300 10 0 3 3 #=B5
C 320 5 31 0
A 1090 1320 10 0 3 3 #=B4
C 609 2 33 0
A 1090 1340 10 0 3 3 #=B3
C 608 2 35 0
A 1090 1360 10 0 3 3 #=B2
C 320 6 34 0
A 1090 1380 10 0 3 3 #=B1
N 697
J 500 1220 2
J 540 1220 1
S 1 2
L 580 1219 10 0 2 0 1 0 ABE1#/SDQM1
N 698
J 500 1120 2
J 540 1120 1
S 1 2
L 580 1119 10 0 2 0 1 0 ABE0#/SDQM0
T 820 1520 18 0 3 LOGIC ANALYZER COMPRESSION LAND GRID ARRAY
E
